gramw.c: In function ‘rateTerms’:
gramw.c:71:18: error: ‘topscore’ undeclared (first use in this function); did you mean ‘topScore’?
             if(x>topscore){
                  ^~~~~~~~
                  topScore
gramw.c:71:18: note: each undeclared identifier is reported only once for each function it appears in
gramw.c: In function ‘main’:
gramw.c:86:3: warning: implicit declaration of function ‘rateTerm’; did you mean ‘rateTerms’? [-Wimplicit-function-declaration]
   rateTerm();
   ^~~~~~~~
   rateTerms
0 0 0 0 0 0 0 0 0 0 0 0 0 0 0 0 0 0 0 0 0 0 0 0 0 0 0 0 7 209 356 394 10 158 211 21 58 0 3 1118 1432 5148 1 274 0 994 1340 532 171 57 36 13 1 1 0 444 0 0 0 1585 0 0 1 148 0 1 120 0 1 623 0 0 397 0 0 1141 0 0 0 774 
0 0 868 0 0 0 270 56 0 745 182 0 1 270 5 0 2273 0 0 206 0 2 176 0 0 0 11 3 0 302 4 2 0 973 0 0 0 1113 0 0 1 0 0 519 3 0 238 3 0 201 0 3 0 5 0 0 252 0 17 163 11 82 7 0 85 0 0 139 115 1654 3 12 32 72 136 89 41 510 0 660 
14 2 0 585 0 0 0 239 0 0 1 631 0 0 167 0 0 1853 0 0 830 1 2 147 0 0 0 1 0 0 139 1 0 0 508 0 0 2 206 0 0 59 2 0 481 0 0 641 2 0 86 0 0 0 6 0 0 1580 0 0 0 1189 0 0 0 872 0 0 0 0 0 504 0 0 2 1 0 125 0 0 
0 21 0 0 3 3 22 83 0 146 35 3 38 0 0 53 274 4967 6 2 0 115 1994 2039 0 30 0 5 0 2 0 121 0 0 0 105 0 0 0 15 0 0 0 0 0 226 0 0 1 1 0 138 0 0 0 0 0 0 38 0 0 0 98 0 0 1 91 0 0 5 1 130 27 0 0 20 1 0 13 0 
0 0 5 0 0 1013 0 0 2 486 0 0 1 616 0 0 5 1 0 616 1 0 1 1 1 33 0 1 0 18 0 0 1329 0 10 0 687 0 0 0 329 0 0 7 1 0 886 0 0 39 0 0 220 0 0 0 80 0 0 636 0 0 16 896 0 0 0 68 0 0 0 0 2 1563 0 0 0 2 0 113 
0 0 0 1 0 0 5 225 69 13 11 5122 0 14 8 0 3 115 24 1023 6 103 0 877 16 332 338 91 78 28 3 0 0 590 0 0 0 611 4 301 233 142 0 0 370 0 1 518 49 0 1434 14 29 338 0 0 0 10 0 0 0 0 0 0 0 0 0 0 0 0 0 0 0 0 0 0 0 1 0 0 
241 0 0 0 0 0 0 251 0 0 4 1228 0 2 50 226 0 0 1 0 0 218 1 0 0 4 0 146 0 0 0 2 0 0 751 0 322 0 900 0 1 613 517 1 31 212 105 41 1086 767 27 2 0 1094 987 1 113 0 125 1 0 236 0 1 0 393 0 0 12025 231 0 0 0 0 0 3354 0 0 364 3 
2 81 0 195 0 46 0 0 0 0 0 0 0 0 3 5 1 0 1 2 3 643 1 326 0 12 686 34 0 0 0 0 0 0 0 221 0 0 0 400 0 0 2 231 0 0 0 0 0 255 0 0 1 2 0 71 0 0 0 0 0 0 1084 0 0 0 800 0 0 1041 1064 0 0 0 0 0 890 0 0 171 
0 0 1 0 0 0 5 0 0 0 0 0 0 0 0 0 0 12 0 0 1 0 0 0 0 0 0 0 0 0 8 0 7 0 0 0 28 0 0 0 207 0 0 0 44 0 0 1 0 0 332 0 0 0 3 0 2 0 0 0 0 0 0 20 0 0 0 28 0 0 0 15 0 0 0 0 0 5 0 0 
1 2 0 11 1 4 0 1 0 0 109 139 273 150 15 186 188 91 80 11 14 143 144 147 43 230 13 101 314 160 23 65 112 0 25 4 4 0 0 2 1 0 1 0 0 0 0 0 5 1 1 0 0 0 4 2 2 0 0 0 0 0 0 7 39 25 1 0 43 1 1 5 107 0 0 474 0 1 144 0 
0 16 62 0 82 0 0 0 8 0 17 32 1 203 1 253 0 1 208 64 0 239 9 1 0 14 0 37 27 0 389 12 0 0 0 29 0 405 34 6 4 91 264 1 2 4 84 89 0 15 47 6 82 1 0 9 20 1 29 112 4 0 108 2 8 0 0 1 8 0 5 0 0 0 0 0 17 9 1 1 
0 0 6 7 4 1 4 0 0 0 0 14 7 0 0 0 17 66 0 0 2 0 0 1 0 0 3 0 0 4 0 133 0 0 0 0 0 0 19 180 0 0 2 635 0 44 4 36 0 0 5 3 7 119 1 0 36 2 0 25 0 0 0 1 0 28 24 0 0 0 16 0 0 0 2 0 0 1 3 5 
5 0 0 2 6 2 0 0 0 0 0 0 2 0 1 15 124 1 1 19 0 1 1 0 176 15 694 0 0 0 66 44 27 0 0 0 0 0 7 0 5 0 0 1 1 0 0 0 1 0 0 0 0 0 31 0 0 0 0 0 0 0 0 0 0 0 73 12 1 1 2 330 1 0 1 83 0 0 0 0 
1 3 0 0 0 14 0 0 0 0 0 2 0 1300 50 15 6 19 260 53 9 2 261 0 50 1158 172 1 110 21 0 74 302 93 24 6 143 0 13 0 134 69 53 3 0 2017 1 0 2 146 0 0 1 166 10 155 286 0 5 31 5 12 0 1 0 0 0 2574 139 0 315 4832 77 4 721 8 376 3 118 9 
0 134 104 0 0 2 392 560 29 4 39 3 448 7 0 0 0 0 0 0 0 0 0 0 0 0 9 0 3 0 0 0 19 2 0 0 0 0 0 0 0 47 47 3 0 0 133 0 0 113 49 2 3 3 0 0 20 317 0 17 95 50 0 0 0 0 0 0 0 0 0 0 0 0 0 0 0 0 0 0 
0 0 0 0 0 0 0 0 0 0 0 0 0 0 0 696 223 64 114 534 978 3 151 0 442 1 113 301 83 73 65 24 5 137 234 483 4 10 2 0 398 0 2425 17 4 13 0 299 0 1 126 71 0 36 5 5 3 35 22 2 0 287 400 25 0 0 0 13 1 1837 20 4 48 1 1093 7 2 127 1406 0 
3 40 6 10 93 4 0 50 24 295 206 0 1 0 3 3 23 1 0 34 23 5 3 71 0 0 0 2 56 2 35 0 3 1 14 111 150 0 0 2 17 0 0 6 35 0 0 0 704 0 0 0 55 0 0 0 0 0 80 0 0 2 4 0 1 1 0 0 15 0 74 36 2 0 2 10 15 1 2 3 
0 4 6 2 14 0 4 0 4 20 5 0 0 1 0 3 0 27 2 0 0 0 10 0 0 0 9 0 0 0 0 0 32 4 0 0 0 0 0 0 0 0 2 0 667 5 8 15 5 43 3 0 0 32 0 0 11 4 3 13 0 0 2 391 0 4 0 3 0 0 0 1 10 0 0 0 8 0 0 0 
40 0 0 0 0 0 4 0 0 0 0 1 3 0 0 0 2 4 0 54 13 4 3 5 9 2 7 20 1 0 1 2 0 14 5 0 4 7 21 1 0 10 0 0 0 4 0 80 109 21 1 0 18 0 5 0 5 73 8 103 0 4 0 163 53 53 11 0 1 0 14 1 7 6 0 0 0 12 0 0 
0 10 0 0 10 0 0 1 0 0 7 0 0 2 0 0 0 6 0 0 1 0 0 0 0 0 0 0 0 0 0 1 0 0 3 0 0 0 0 0 0 0 0 0 0 0 0 0 0 0 0 0 0 0 0 0 0 0 0 0 0 0 0 0 0 0 0 0 0 0 0 0 0 451 72 0 211 39 218 97 
122 28 37 0 0 108 1 44 1 0 0 264 65 197 1 6 0 0 17 1 0 0 0 0 0 1 0 0 0 0 0 0 0 0 0 0 0 0 0 0 0 0 0 0 0 0 0 0 0 0 0 0 1 0 0 0 0 0 0 0 0 0 1 0 0 0 0 0 0 0 0 0 0 0 0 0 0 0 0 1 
0 0 0 1 0 0 0 0 1 6 0 0 0 0 1 0 0 0 0 0 0 1 15 24 5 8 4 2 12 0 0 0 0 65 0 55 9 1 0 19 13 159 1 0 0 0 0 0 0 0 0 0 0 109 0 0 0 0 0 0 0 0 0 0 0 0 0 0 0 13 0 0 0 0 0 1 2 0 0 0 
0 0 0 0 0 0 0 0 0 0 0 0 0 0 0 0 0 0 0 0 0 0 0 33 0 0 0 498 0 0 0 202 0 0 0 0 0 42 0 0 0 1 0 37 0 0 0 140 0 0 2 0 0 0 0 0 0 0 3 0 0 0 0 0 0 0 0 0 0 0 0 0 0 0 0 0 2 0 0 0 
0 1 0 0 0 0 0 0 0 0 0 3 0 0 0 0 0 0 0 0 0 0 0 8 61 4 6 37 0 1 13 11 10 0 1 40 9 29 165 0 0 172 54 117 101 20 13 19 35 1 0 0 0 0 0 0 0 0 5 0 0 0 0 0 0 0 0 0 0 0 0 0 0 0 0 0 0 0 0 0 
0 0 0 0 0 0 0 0 0 0 0 0 0 0 0 0 0 0 0 0 0 0 0 0 0 81 0 0 0 77 0 0 1 194 0 0 0 0 0 141 0 0 0 0 0 19 0 0 0 11 0 111 0 0 9 0 53 0 0 0 2 0 0 1 0 0 64 0 2 0 0 171 20 0 0 0 0 0 24 7 
0 0 0 17 4 0 1 1 0 0 10 0 0 1 0 0 0 4 0 0 0 0 0 0 0 0 1 6 16 0 0 6 19 0 10 0 1 102 26 34 1 0 0 125 86 942 0 1 0 0 5 5 0 0 0 0 0 1 0 0 0 50 0 0 0 0 0 0 0 0 0 0 0 0 0 0 0 0 0 0 
3 0 0 0 0 0 0 0 0 0 0 0 0 0 0 0 0 0 0 0 0 0 0 0 0 0 0 0 0 0 0 0 0 0 0 0 0 0 0 0 0 0 0 0 0 0 0 0 0 0 0 0 0 798 1 0 2 0 3 0 0 0 2 0 0 1 0 1 0 1 0 1 4 2 1 0 1 0 0 0 
0 0 0 0 0 0 0 0 0 0 0 0 0 0 0 0 0 0 0 0 0 0 0 0 0 0 0 0 77 21 24 13 21 11 5 15 41 1 1 12 18 9 26 19 2 12 37 22 3 7 8 0 0 0 187 1 100 11 29 4 5 24 6 7 0 4 574 161 1263 2 66 0 203 162 263 94 4 0 0 38 
0 0 0 0 0 0 1 0 0 0 0 0 0 0 0 0 0 0 0 0 0 0 0 0 0 0 0 0 0 38 0 0 0 107 0 0 0 14 0 0 6 0 0 82 0 0 2 0 0 81 0 0 0 0 0 0 0 0 0 0 0 0 0 0 0 0 0 0 0 0 3 0 0 0 0 0 0 0 0 0 
0 0 990 39 3 5 259 23 5 0 3 26 0 0 68 16 299 0 59 0 157 339 12 0 0 0 0 4 0 56 0 0 0 0 0 0 0 0 0 0 0 0 0 0 0 0 0 0 0 0 0 0 0 0 0 0 0 0 0 0 0 0 0 0 0 0 0 0 0 0 0 0 0 0 1 0 0 0 0 0 
0 0 0 1353 551 4 2 1 285 7 6 5 233 1 1 11 25 22 167 2 0 24 7 19 43 1 8 0 5 0 3 304 1 2 32 98 19 3 0 0 0 0 41 27 65 56 54 0 43 55 142 0 28 0 0 0 7 0 0 0 0 0 0 0 0 0 0 0 0 0 0 0 0 0 0 0 0 0 0 0 
0 0 0 0 317 8 3 2 1 131 4 2 5 21 1 0 44 0 15 7 2 0 4 54 14 0 0 16 0 11 0 0 162 0 0 0 147 0 0 0 58 0 0 0 0 0 57 0 0 0 0 1 66 0 0 0 2 0 2 0 0 0 0 3 0 0 0 1 0 0 0 0 0 0 0 0 0 0 0 0 
0 0 1 0 0 0 0 0 0 0 0 0 0 0 1 0 0 0 0 0 0 0 0 0 0 0 0 0 0 0 0 0 26 43 20 23 8 8 1 40 8 39 0 3 216 824 863 35 31 0 281 14 36 445 22 18 11 4 4 0 0 0 0 0 0 0 0 0 0 0 0 0 0 0 0 0 0 0 0 0 
0 0 0 0 0 0 0 0 0 0 0 0 0 0 0 0 0 0 0 0 0 0 0 0 0 0 0 37 0 0 0 0 0 1 43 0 1 0 114 0 0 0 127 0 0 0 1 0 63 1 0 0 0 0 19 0 0 0 4 0 57 1 0 2 0 3 0 0 0 1 0 0 0 0 0 0 0 0 0 0 
1 0 0 0 0 1 0 450 58 0 0 0 183 1 0 0 607 0 0 51 3 10 68 0 0 16 114 1 105 0 0 0 0 0 0 3 2 0 0 4 1 0 0 9 0 0 205 52 3 5 11 0 161 91 75 0 0 0 0 0 0 0 0 0 0 0 0 0 0 0 0 0 0 0 0 0 0 0 0 0 
0 0 0 0 0 0 0 0 0 1 0 0 0 0 0 0 0 0 0 0 0 0 0 0 0 0 0 0 0 0 0 0 0 0 0 0 0 0 0 0 0 0 0 0 0 0 0 0 0 0 0 0 0 0 0 0 0 0 0 0 0 0 146 0 0 14 2 0 0 2 0 0 0 0 0 0 1 1 1 0 
0 0 1 0 0 0 0 0 0 3 3 0 0 0 0 0 0 0 0 0 1 0 0 0 0 0 0 0 0 0 0 0 0 0 1 0 0 1187 685 329 248 325 430 155 427 1200 51 35 197 312 257 586 392 13 149 782 1769 148 95 410 3 59 20 34 0 16 2 3 1 4 28 4 47 0 9 15 42 77 0 2 
0 90 9 42 12 10 8 0 262 1 0 2 0 0 0 6 0 0 0 1 0 0 0 0 0 4 0 0 0 0 0 10 0 0 0 5 0 0 5 0 0 0 0 0 0 2 1 0 0 1 0 0 6 0 0 2 0 0 0 0 0 0 0 0 13 4 0 0 0 41 0 0 0 64 0 0 32 0 0 5 
0 0 13 12 0 2 0 0 0 5 0 413 132 35 122 206 71 89 25 1 1 1 3 109 76 339 1 86 2 587 240 43 8 65 6 6 2 1 0 5 0 0 0 2 0 0 0 5 0 0 0 0 0 4 0 0 1 0 0 1 0 0 0 0 0 0 4 0 0 0 95 0 0 0 6 0 0 0 8 0 
3 0 0 0 0 0 0 0 0 0 5 0 0 4 0 0 0 7 0 0 0 0 0 0 0 0 0 5 0 0 0 0 0 0 0 0 0 0 0 3 264 4 216 60 82 204 42 0 0 0 0 30 14 299 43 14 0 75 458 144 6 52 0 6 0 4 2 0 0 0 0 87 0 0 0 0 0 0 0 0 
0 1 0 0 0 0 0 0 0 0 0 0 0 0 0 0 0 0 0 0 0 0 0 0 0 0 0 0 0 0 0 0 0 0 0 0 0 0 0 0 1 3 0 0 0 68 0 0 0 15 0 0 0 0 0 6 0 0 0 0 0 3 0 0 0 70 0 0 14 0 0 0 3 0 0 0 39 0 0 0 
0 0 2 0 0 0 0 1 3 0 0 0 0 0 0 2 0 0 0 48 0 0 0 1 0 0 0 0 0 2 0 0 0 0 16 1 0 0 0 0 0 109 0 1 30 4 89 3 16 1 5 0 0 20 81 176 21 55 0 35 1 4 98 3 109 24 0 13 0 1 0 0 0 1 0 0 1 2 0 0 
0 0 0 10 0 0 2 0 3 1 0 0 0 0 0 0 0 0 0 0 0 0 0 0 0 0 0 0 0 0 0 0 0 0 0 0 0 0 0 0 0 0 33 74 0 0 0 105 0 0 0 32 0 0 0 0 0 69 0 0 0 1 0 24 0 0 0 15 0 690 0 2 8 0 1 1 0 4 0 0 
1 5 12 3 11 2 0 0 2 15 0 0 3 0 0 0 11 0 0 0 0 0 0 0 3 0 0 0 0 0 0 0 0 0 3 1 0 0 0 0 0 0 0 3 32 13 166 0 11 0 4 0 1 0 6 9 15 14 3 15 0 79 11 57 0 2 0 0 1 0 0 16 0 0 0 74 0 0 0 5 
0 0 0 0 0 18 0 0 0 0 0 0 0 0 0 0 0 0 21 0 0 0 0 0 0 0 9 0 0 0 0 0 5 0 0 3 0 0 0 0 0 0 0 0 0 0 0 0 0 0 0 0 0 0 0 0 0 0 0 0 0 0 0 0 0 0 0 0 0 0 0 180 1 0 6 1 3 0 1 0 
13 0 0 0 1 1 0 0 0 0 3 3 0 1 0 0 0 0 0 0 0 0 0 1 0 0 0 1 0 0 0 0 0 0 0 0 0 0 0 0 0 0 0 0 0 0 2364 819 1158 639 928 1068 462 649 1577 104 83 641 714 796 1700 1079 62 473 1711 1775 462 259 924 2 86 9 44 1 17 101 348 1 12 32 
0 0 0 118 144 33 269 0 19 0 787 268 330 37 43 0 0 0 2 10 44 1 0 0 28 0 0 0 0 0 0 8 0 0 14 0 0 20 77 4 5 0 0 0 6 0 11 142 0 3 2 129 0 0 233 116 0 49 33 0 0 288 0 0 22 1 829 60 0 0 0 4 0 3604 53 5 2 10 75 1 
25 0 189 0 0 23 10 4 13 0 0 4 33 3 86 0 16 0 4 0 188 6 5 219 146 0 13 2 0 2 0 68 60 122 475 1 67 1 66 25 156 0 7 2 0 0 3 79 23 0 1 0 70 117 0 1 80 0 0 39 0 0 138 0 0 7 3 28 50 0 0 0 2 0 4 135 0 0 0 51 
1 3 6 93 0 0 17 3 2 31 0 0 32 5 0 56 0 0 0 1 0 3 8 1 0 0 34 0 0 0 28 0 0 4 2 4 24 0 0 3 0 1 1 0 0 0 0 0 2 1 0 5 11 0 0 153 0 0 2 1 8 5 100 1 2 0 310 7 60 1 21 0 0 0 7 0 1 0 0 0 
12 0 0 0 1 0 0 0 0 0 1 0 0 0 0 0 8 0 0 0 0 0 49 1 0 0 0 4 0 0 0 12 0 2 0 0 1 0 0 0 0 9 0 0 0 0 0 0 0 155 105 5 6 113 147 158 8 3 175 0 7 503 18 1 63 46 0 3 74 52 7 47 6 0 348 1 425 163 88 0 
0 202 1 0 1 96 0 0 5 3 8 58 141 3 0 95 4 4 0 2 0 9 0 1700 77 10 698 403 282 10 1351 7 78 10 2 10 4 63 121 4 8 37 290 1677 54 7 3 0 6 6 6 3 1 3 2 0 5 23 0 2 0 0 19 3 31 0 76 0 61 0 0 15 30 3 0 0 0 72 91 0 
2 0 61 0 0 33 20 0 0 17 0 0 72 5 0 48 11 94 26 0 0 0 1 0 25 0 0 0 0 0 0 0 0 0 0 0 0 0 0 0 0 0 0 0 0 96 0 0 0 0 0 3045 468 265 72 41 1229 95 85 97 1688 1 26 75 316 238 56 23 0 83 958 271 7 158 43 0 303 2 2804 25 
4 67 4 369 0 1 20 129 0 6 10 10 22 30 180 31 0 777 595 41 3 4 0 5 0 459 97 5 47 0 197 1 0 149 126 0 0 2 0 2 27 1 0 41 55 209 9 0 115 0 56 2 2 0 0 2 3 2 0 2 0 0 0 0 4 5 0 0 24 0 39 4 24 0 7 0 0 0 0 19 
64 0 0 0 848 0 0 0 153 0 0 0 0 0 57 0 0 0 3 0 1 1 0 0 6 0 594 17 2 6 1 35 0 1 48 29 0 0 2 1 1 6 1 0 5 135 1 0 0 1 0 2 0 23 269 0 80 0 35 2 0 36 70 1 0 0 0 0 3 126 1 0 0 129 3 0 0 0 1 0 
526 5 1 1 1 25 0 4 0 3 0 0 2 4 4 17 0 0 1 11 0 1 1 2 0 0 0 7 0 1 0 1 8 1 0 0 0 0 0 0 0 0 0 0 0 1 0 0 0 0 0 0 0 0 0 598 113 252 116 226 78 84 184 338 33 12 127 134 138 148 181 1 85 294 1817 38 48 178 1 24 
4 2 0 7 134 3 0 0 4 1 46 0 6 55 108 39 0 1 0 118 68 26 22 36 0 0 8 0 0 0 0 0 0 0 0 0 0 0 0 0 0 0 0 0 0 0 4 0 0 0 0 0 0 0 0 0 0 0 0 0 0 0 0 1 0 0 0 1 0 0 10 0 0 0 0 0 0 0 0 0 
0 0 0 0 0 0 0 0 0 0 0 0 0 0 0 0 0 0 0 0 1 0 0 0 0 0 0 0 0 60 26 10 133 12 49 0 2 0 3 0 0 53 12 54 2 0 0 283 59 8 1 2 67 1 0 0 69 11 1 0 0 283 0 0 0 199 0 0 12 2 3 62 1 0 5 16 0 0 0 0 
0 6 0 0 1 0 0 0 0 0 0 0 0 0 0 0 0 0 0 0 0 0 0 0 0 0 0 0 0 0 0 0 0 0 0 0 0 0 0 1 0 0 1 0 0 0 0 0 4 0 0 0 0 0 0 0 0 1 9 3 283 15 65 25 28 0 0 0 0 20 0 277 2 0 0 259 20 24 0 28 
0 76 0 4 0 0 0 0 0 0 0 0 0 0 0 0 0 0 0 0 0 0 0 0 0 0 0 0 0 0 0 0 0 0 0 0 0 0 0 0 0 0 0 0 0 0 0 0 0 0 0 0 0 0 0 0 0 0 0 72 0 0 0 92 0 2 0 23 0 0 1 0 0 63 0 0 0 0 0 112 
0 0 0 39 0 0 2 0 0 0 0 0 0 0 0 0 0 0 0 0 0 0 0 0 0 0 0 0 0 0 0 0 3 0 0 0 0 0 0 0 0 0 0 0 0 0 0 0 0 0 0 0 0 0 0 0 0 0 0 0 2 0 3 0 3 0 3 0 0 0 0 122 0 4 42 0 0 1884 6 3 
131 0 23 4 0 0 0 0 0 0 0 1 0 0 0 1 0 0 1 0 0 0 0 0 0 0 0 0 0 0 0 0 0 0 0 0 0 0 0 0 0 0 0 0 0 0 0 0 0 0 0 0 0 0 0 0 0 0 0 0 5 93 0 0 0 226 0 0 0 20 0 0 0 1 0 523 0 0 0 1 
0 14 0 0 0 1 0 12 0 0 0 0 2 0 0 2 0 0 0 0 0 0 2 5 0 0 1 1 0 0 0 0 0 0 61 1 0 0 2 273 0 0 17 8 0 0 1 1 1 0 0 0 0 3 0 0 0 0 0 13 0 0 0 0 1 0 0 0 5 2 0 0 0 167 1 28 0 0 0 43 
42 24 0 0 0 0 0 2 0 0 0 0 0 0 0 0 0 0 0 0 0 0 0 0 0 0 0 0 0 1 0 0 0 0 0 0 2 0 0 0 0 0 0 1 0 0 0 0 0 0 0 0 0 0 0 0 0 0 0 0 0 0 0 0 0 0 0 0 0 0 0 0 0 0 0 0 0 0 0 0 
0 0 0 0 0 0 0 0 0 30 1 0 0 0 0 0 0 0 16 0 0 0 0 0 0 0 0 0 0 0 0 0 0 0 0 0 0 0 0 0 0 0 0 0 0 0 0 0 0 0 0 0 0 0 0 0 0 0 0 0 0 0 0 0 348 105 87 57 80 83 38 79 260 13 7 52 68 59 251 91 
3 46 139 589 42 27 114 0 4 1 5 0 8 4 4 11 0 24 0 130 0 0 23 21 121 9 8 0 136 6 135 6 31 2 0 2 29 0 0 0 0 0 3 0 0 0 1 0 0 0 0 0 2 0 0 0 0 0 3 0 0 0 2 0 0 7 0 0 0 0 0 0 1 0 0 0 0 0 0 1 
0 0 1 0 0 0 0 0 0 0 0 0 4 0 0 0 0 0 0 0 0 0 0 0 0 0 6 0 0 0 0 0 0 0 0 0 0 0 714 7 2 3 124 3 5 0 3 0 0 0 39 20 320 80 2 0 291 223 125 1 2 3 0 1 0 0 0 0 0 0 4 0 0 0 2 0 0 0 0 0 
0 0 0 0 0 0 0 0 0 0 0 0 0 16 0 0 0 42 0 0 0 9 0 0 22 0 0 15 2 0 5 0 0 3 0 0 0 1 0 278 7 18 0 0 18 5 3 1 5 0 0 38 0 4 15 0 0 0 4 405 0 0 0 0 0 0 0 18 26 82 4 14 7 9 0 0 0 1 9 3 
266 23 5 1 24 77 11 3 147 0 0 0 5 0 0 0 0 0 0 0 0 0 0 0 0 0 0 0 0 0 0 0 0 0 0 0 0 0 0 0 0 0 0 0 0 0 0 0 0 0 0 0 0 0 0 1 0 0 0 0 0 0 0 0 0 0 0 1 267 0 0 0 74 0 0 0 1080 0 0 0 
0 1 70 0 0 0 0 0 3 0 0 0 21 0 4 14 0 1 0 10 0 0 0 2 0 0 0 0 0 0 0 0 0 1 0 0 0 0 0 5 0 77 44 2 0 0 33 0 0 0 81 0 0 0 0 6 36 0 0 0 11 0 0 0 0 0 0 0 144 3 6 0 13 50 4 25 0 45 0 1 
18 1 80 148 1 0 41 4 98 27 41 3 0 1 0 0 1 0 0 0 1 0 0 0 6 0 0 6 0 0 0 0 0 0 0 0 0 0 0 0 0 0 0 0 0 0 0 0 0 0 0 0 0 0 0 0 0 0 0 0 0 0 0 0 0 0 0 0 0 0 466 0 0 0 328 0 1 0 21 0 
0 0 1 1 152 0 0 0 0 0 12 0 0 0 3 0 193 1 0 0 0 0 1 0 1 5 0 0 0 0 0 0 0 0 0 0 10 0 0 2 0 0 0 1 0 0 0 0 1 0 0 23 0 0 0 0 0 0 32 0 0 0 0 0 0 0 0 0 0 0 0 325 7 2 0 159 0 0 0 63 
0 0 56 7 28 0 2 0 24 25 9 0 0 0 0 7 0 0 0 0 0 0 0 0 0 0 0 0 0 0 0 0 0 0 0 0 0 0 0 0 0 0 0 0 0 4 0 0 0 0 0 0 1 1 0 0 0 0 0 2 0 0 0 0 0 2 0 0 0 0 0 0 0 0 0 0 0 0 0 0 
0 0 0 0 0 0 0 0 0 0 0 0 0 0 0 0 0 0 76 1 0 0 0 1 0 0 0 1 0 0 0 9 1 0 2 0 1 0 0 0 0 0 0 0 0 0 0 0 0 0 0 0 0 0 0 0 0 0 0 0 0 0 0 0 0 0 0 0 0 0 0 0 0 551 142 236 94 109 127 58 
166 355 24 17 128 120 125 224 193 8 67 216 457 47 37 231 1 11 3 3 0 92 8 207 14 3 14 1 45 1 38 132 52 579 2 150 0 335 450 1261 44 529 13 0 11 4 0 7 0 0 0 2 0 0 0 1 0 0 0 0 0 13 0 0 3 0 0 0 0 0 0 1 0 0 3 0 0 0 0 0 
0 0 0 0 0 0 0 0 0 0 0 0 0 0 0 0 0 0 0 1 0 3 0 0 0 1 0 0 0 1 0 0 0 0 0 0 0 0 1 0 0 0 0 0 0 0 0 8601 257 8 18 133 37 11 1 1 327 0 0 108 443 357 29 5 8 1470 259 47 4 5 29 2 391 0 0 5 0 0 0 0 
0 0 3 0 0 0 0 0 0 2 0 0 1 1 0 13 0 0 0 0 0 0 0 0 0 0 5 0 0 0 0 0 0 0 0 0 3 0 0 0 0 0 1 0 0 0 0 0 0 5 0 0 0 0 0 0 0 0 0 0 0 0 0 3 0 0 0 0 0 0 0 0 0 0 0 1 21 33 350 8 
92 2 82 1 0 0 1 184 182 336 47 39 0 77 1036 96 0 4 0 0 0 2 0 0 0 0 0 0 0 0 0 0 0 0 0 0 0 0 0 0 0 0 1 0 0 0 0 0 0 1 0 0 0 0 0 0 0 0 1 0 0 0 0 0 0 0 0 0 0 0 0 0 0 0 1 0 2 7 0 0 
0 23 0 0 0 2 0 0 0 1 0 6 0 0 0 0 0 1 0 0 0 53 0 4 103 0 0 0 43 0 0 0 9 0 0 0 0 0 4 0 0 0 0 0 2 0 0 0 0 0 82 1 2 1 0 23 0 0 0 4 0 0 0 0 2 3 0 0 0 23 0 1 0 0 0 0 1 152 7 18 
9 38 46 4 34 0 7 0 2 205 78 136 162 66 0 267 156 23 366 6 301 0 1 0 0 0 0 0 0 0 0 0 0 2 0 0 2 0 0 0 0 0 0 0 0 0 0 0 0 0 0 0 0 0 0 0 0 0 0 0 0 0 0 0 0 0 0 0 0 0 0 0 0 0 0 0 0 0 5 106 
0 0 0 67 0 2 0 23 0 0 0 1 0 73 0 0 0 1 1 7 0 0 0 1 0 41 0 0 3 0 0 0 0 0 0 0 3 0 0 0 11 3 0 0 0 4 0 0 0 0 0 0 302 6 0 3 0 67 2 0 19 2 0 0 6 1 4 5 0 0 0 23 3 1 0 1 0 8 1 1 
0 4 9 3 1 2 6 0 0 0 0 3 47 52 0 0 0 47 172 13 0 0 0 7 3 0 0 1 0 0 0 0 0 0 0 0 0 0 0 0 0 0 0 0 0 0 0 0 0 0 0 0 0 0 6 0 0 0 20 0 0 2 2 0 0 0 0 0 1 0 0 1 0 0 0 0 0 0 0 0 
0 0 0 0 0 0 0 0 0 0 0 0 0 0 0 0 0 0 0 0 0 0 0 0 0 0 0 85 1 1 0 7 0 0 0 0 0 0 0 1 41 0 0 10 0 0 8 0 1 0 0 0 0 0 0 0 0 0 0 0 0 0 0 0 0 0 0 0 0 0 0 0 0 0 0 0 0 0 0 0 
0 0 90 30 32 28 14 42 17 132 25 1 12 32 15 20 20 53 1 7 48 20 1 1 48 1 0 4 132 0 45 2 4 4 1 9 4 4 0 1 408 66 306 0 1 0 155 16 245 0 0 0 0 0 0 2 3 4 0 0 52 0 0 1 47 0 0 117 0 1 1 0 0 13 1 1 52 0 0 0 
0 0 397 1785 0 2 0 227 0 0 382 171 0 188 52 0 1 39 0 0 1 64 185 134 0 0 0 5 4 242 37 0 0 69 406 1 42 1 58 0 0 12 0 11 4 0 0 0 16 7 7 0 1 0 0 0 94 0 5 10 117 0 102 4 0 0 0 0 57 2 131 0 1 0 76 360 46 7 35 66 
0 0 0 149 0 0 0 0 65 214 0 0 144 0 0 4 0 0 20 0 0 1 1 46 22 0 0 0 36 0 19 55 2 1 0 49 0 9 340 156 0 0 4 7 252 27 0 0 64 4 1 28 0 4 0 1 0 0 0 0 0 0 0 0 0 0 1 0 0 1 3 0 0 0 0 0 0 0 1 0 
0 0 0 0 69 0 0 0 0 0 0 0 0 29 0 0 0 0 0 0 0 0 0 0 0 0 0 0 0 0 0 0 1 0 0 0 1 0 0 0 0 0 0 0 0 0 2 0 0 0 0 0 0 0 0 0 0 1 6 11 0 0 0 135 0 0 0 5 0 0 1 0 0 1 0 0 0 0 0 0 
0 0 0 0 0 158 75 7 6 55 155 1 3 3 220 0 8 548 2 0 63 0 0 20 39 27 6 2 16 0 102 0 150 79 15 0 0 257 0 0 0 125 2 0 0 95 1 36 252 0 0 51 0 5 0 0 0 0 0 4157 365 7 329 463 607 223 2417 23 153 6 73 35 2 89 52 1 28 3 393 685 
46 118 2 0 5 0 18 0 0 4 43 0 0 7 0 1 0 0 18 31 2153 0 1 0 37 7 19 312 0 7 0 0 0 44 19 0 1 0 6 1 0 13 9 0 1 52 5 0 2 41 0 2 30 25 1 0 0 0 0 1 0 0 0 0 0 0 0 0 0 0 0 0 0 0 0 0 0 0 0 0 
0 24 0 0 0 0 0 347 25 1 44 42 245 0 19 0 116 0 1 26 21 6 20 1 0 12 239 55 1 9 2 0 22 0 2945 63 5 111 23 210 11 4 1466 102 0 15 30 265 23 48 95 2 16 127 732 15 2 3 0 3 0 1744 190 1 31 0 672 1 0 817 519 0 1 34 5 15 62 2 0 8 
570 187 138 0 0 0 395 12 0 0 0 0 0 0 0 0 0 0 0 0 0 24 0 0 0 0 0 10 0 0 0 0 0 0 0 33 82 0 0 1 1068 0 0 0 114 0 0 0 0 0 13 0 0 0 0 0 0 4 0 0 6 0 0 0 0 0 0 2 0 0 0 5 0 0 0 0 0 0 0 0 
0 0 0 0 0 0 0 0 0 63 0 0 0 0 44 0 0 0 5 0 0 0 0 1 1 0 0 0 0 18 0 0 0 0 1 0 0 0 0 0 0 0 0 0 0 0 0 0 0 0 0 1 0 0 0 0 0 0 0 0 0 0 0 6 63 0 0 0 132 0 0 0 8 0 0 0 0 0 5 0 
0 0 0 0 0 0 0 0 0 8 0 1 0 0 0 0 0 0 0 0 0 0 0 0 0 0 0 0 0 0 0 0 0 0 0 0 0 1 0 0 35 0 0 0 3 1 10 0 3 0 42 30 0 6 0 9 0 0 1 0 0 1 1 0 0 0 0 0 0 0 0 0 0 0 0 0 0 0 0 0 
0 0 0 0 0 0 0 0 0 0 0 0 0 0 0 0 0 0 0 0 0 0 0 0 0 0 0 0 0 0 0 0 0 0 0 0 0 0 0 0 0 0 0 0 0 0 0 0 0 0 0 0 0 0 0 0 0 0 0 1 0 0 0 0 0 1 4 0 207 2 0 29 0 0 0 0 0 0 1 0 
1 0 0 14 3 0 1 0 54 0 0 0 0 0 0 0 0 0 0 0 0 0 0 0 0 0 0 0 0 0 0 0 0 0 0 0 0 0 0 0 0 0 0 0 0 0 0 0 0 0 0 0 0 0 0 0 0 0 0 0 0 0 0 0 0 0 0 0 0 0 0 0 0 0 0 0 0 0 0 0 
0 0 0 0 0 0 0 0 0 0 0 0 0 0 1 0 1 0 0 0 2 0 0 0 0 0 5 6 0 0 0 0 0 3 0 0 0 0 0 0 0 0 0 0 0 0 0 0 0 0 0 0 0 0 0 0 0 0 0 0 0 0 0 0 0 0 0 0 0 0 0 0 0 0 0 0 0 0 0 0 
0 0 0 0 0 0 0 0 0 0 0 0 0 0 0 0 0 0 0 0 0 0 0 0 0 0 0 0 0 0 0 0 0 0 0 0 0 0 0 0 0 0 0 0 0 0 0 0 0 0 0 0 0 0 0 0 0 0 0 0 0 0 0 0 0 0 0 0 0 0 0 0 0 0 0 0 0 0 0 0 
0 0 0 0 0 0 0 0 0 0 0 0 0 0 0 2 0 16 2 0 2 0 1 94 34 0 2 10 0 23 0 0 0 33 18 0 31 0 1 0 23 0 0 0 0 0 0 0 0 0 0 0 0 0 0 0 0 0 0 0 0 0 0 0 0 0 0 0 0 0 0 0 0 0 0 0 0 0 0 0 
0 0 0 0 0 0 0 0 0 0 0 0 0 0 0 0 1 0 0 0 0 0 0 0 0 0 0 0 0 0 0 0 0 0 0 0 0 0 0 0 0 0 0 0 0 0 0 0 0 0 0 0 0 0 1 0 0 0 0 0 0 0 0 0 0 0 0 0 0 0 0 0 0 1 0 0 0 0 0 0 
0 0 0 0 0 0 0 0 0 0 1 0 0 0 0 0 0 0 0 1 0 37 1 0 20 1 4 0 0 22 11 38 0 0 0 6 51 0 0 0 0 0 0 0 0 0 0 0 0 0 0 0 0 0 0 0 0 0 0 0 0 0 0 0 0 0 0 0 0 0 0 0 0 0 0 0 0 0 0 0 
0 0 0 0 0 0 0 0 0 0 0 0 0 0 0 0 0 0 0 0 0 0 0 0 0 0 0 0 0 0 0 0 0 0 0 0 0 0 0 0 0 0 0 0 0 0 0 0 0 0 0 0 0 0 0 0 0 0 0 0 0 0 0 0 0 0 0 0 0 0 0 0 0 0 0 0 0 1 0 0 
0 0 0 0 0 0 0 0 0 0 0 0 0 0 0 0 0 0 0 0 135 32 36 20 22 33 13 35 100 3 8 13 15 13 114 26 0 11 40 115 22 4 38 0 6 2 19 1 16 1 0 0 0 1 3 2 0 0 2 2 32 0 4 0 9 2 5 0 0 2 0 2 0 0 4 0 0 0 2 0 
0 0 2 0 0 0 0 0 4 0 0 1 0 0 0 0 0 0 0 0 0 0 0 0 0 0 0 0 0 0 0 0 0 0 0 3 0 0 0 0 0 0 0 0 0 0 0 1 0 0 0 0 0 0 0 0 0 0 0 0 0 0 3 0 0 0 0 0 0 0 0 0 0 0 313 3 3 1 62 47 
2 2 2 3 0 0 29 5 131 1 16 0 179 94 58 0 0 5 0 29 0 0 1 0 0 0 2 0 0 0 0 0 0 1 0 0 3 0 0 0 0 0 1 0 0 0 0 0 0 1 0 0 0 1 0 0 0 0 0 0 0 0 0 0 0 0 0 0 0 1 0 0 0 0 0 0 2 0 0 0 
2 0 0 0 0 0 0 0 0 1 11 0 0 0 0 0 1 0 0 0 0 0 13 1 1 9 5 8 0 0 0 0 0 3 21 3 213 0 6 0 3 7 7 0 1 0 0 0 0 0 0 0 0 0 0 0 0 0 0 0 0 0 0 0 1 0 0 0 0 0 0 0 0 0 0 0 0 0 0 0 
0 2 0 0 0 0 0 0 0 0 0 0 0 0 0 0 1 0 0 0 0 1 0 0 4 0 0 0 21 0 0 0 25 0 0 0 0 0 2 0 0 1 0 0 1 0 0 0 32 0 0 2 0 0 0 1 0 0 0 0 0 0 0 1 0 0 0 0 0 0 0 0 0 0 0 0 0 2 10 0 
0 0 32 0 0 0 14 0 0 0 0 1 140 0 0 0 0 0 1 0 0 0 0 0 2 0 2 2 9 3 1 0 1 0 0 1 3 3 2 0 2 0 8 4 1 2 2 2 0 0 0 0 0 0 0 0 0 0 0 0 1 0 0 0 0 0 0 0 0 1 0 0 0 0 0 0 0 0 0 0 
0 0 0 0 0 0 0 0 0 0 0 0 0 0 0 0 0 0 0 0 0 0 0 0 0 0 22 0 0 0 1 0 0 0 5 0 0 0 0 0 5 0 0 0 0 0 5 0 0 0 0 1 159 0 0 0 0 5 0 1 1 1 0 1 0 0 1 16 2 0 0 2 6 3 1 0 0 0 0 2 
7 0 0 0 4 0 0 0 4 0 0 0 0 0 3 0 0 0 0 0 0 0 0 0 0 0 1 0 0 0 0 1 0 0 2 0 0 0 4 4 12 0 1 0 2 1 2 0 0 0 0 0 1 0 0 0 0 0 0 0 0 0 0 0 0 0 0 0 0 0 0 0 0 0 0 0 0 0 0 0 
0 3 0 0 0 3 0 0 1 0 0 0 0 0 0 11 0 0 0 0 0 0 0 0 0 0 0 0 0 0 0 0 0 0 0 0 0 0 0 0 0 0 0 0 0 0 0 0 0 0 0 0 0 0 28 3 0 0 1 0 0 0 0 0 0 0 1 0 2 0 0 0 0 1 0 0 0 0 0 1 
0 0 0 0 0 0 0 0 0 0 1 0 0 0 0 0 0 0 0 0 0 0 0 0 0 0 0 0 0 299 128 112 116 115 113 50 74 210 10 17 82 89 66 197 153 7 95 235 330 58 37 108 0 9 3 40 2 115 238 48 2 6 24 4 134 0 15 2 36 841 0 20 0 438 189 482 41 30 61 3 
74 9 0 3 0 0 0 13 0 0 0 0 0 0 1 0 0 21 0 0 3 0 0 3 0 0 0 0 0 0 8 0 0 0 1 0 0 3 0 0 0 2 0 0 13 0 0 0 0 0 2 0 0 0 1 0 501 9 0 1 2 66 3 0 1 24 0 0 15 0 11 51 0 0 24 30 1 3 0 2 
0 1 0 1238 234 14 255 241 40 21 83 9 13 1 1 15 67 147 11 23 0 226 420 204 0 56 16 44 52 1 178 3 1 11 0 2 2 1 0 6 0 0 0 0 0 9 0 0 13 1 4 1 0 1 0 0 0 0 75 0 0 0 5 0 0 0 5 0 0 0 0 0 5 0 0 6 0 0 3 0 
0 0 0 0 0 2 0 0 0 4 0 0 0 2 0 0 0 0 0 6 0 0 0 0 1 0 0 0 0 0 0 12 262 36 208 30 170 98 111 1 0 1 111 3 46 434 34 45 5 1 1296 384 1 72 2 3 0 84 0 0 0 0 0 0 0 0 0 0 0 0 0 0 0 0 0 0 0 0 0 0 
0 0 0 0 0 42 1 0 0 1 15 1 0 3 10 0 0 1 1 11 1 0 0 0 17 0 1 0 0 0 1 0 1072 114 7 6 5 357 9 3 4 318 0 5 0 3 4 208 3 0 4 79 8 18 1 2 0 444 0 11 25 0 0 0 15 0 0 0 16 0 0 0 0 0 150 0 0 3 3 0 
1 0 0 0 1 0 4 1 0 0 1 8 0 0 0 1 0 0 0 0 0 0 0 0 0 1 2 1 0 0 0 0 0 11 57 10 97 12 4 5 237 0 11 0 2 50 13 327 114 39 29 95 112 41 116 21 243 0 56 0 16 8 0 0 0 12 2 0 32 6 0 0 0 0 0 3 0 0 0 1 
0 0 0 0 0 0 0 0 0 0 0 0 0 0 0 0 0 0 0 0 0 0 0 0 0 0 0 0 0 0 0 0 0 0 0 0 0 0 0 69 0 0 0 4 0 1 0 1 0 24 0 0 0 0 0 1 0 0 0 6 0 299 1 1 3 0 37 0 0 3 3 0 3 0 0 0 203 0 0 0 
1 5 1 0 0 0 0 1 123 7 0 0 1 29 0 0 22 67 0 0 2 1 0 38 0 0 5 9 1 13 0 1 0 35 2 3 3 6 13 34 112 13 9 0 2 0 2 0 74 30 3 1 0 45 41 73 0 0 0 1 0 0 0 26 0 0 1 56 0 0 0 5 0 0 0 0 0 0 0 0 
0 0 0 0 0 0 0 0 0 0 157 0 0 0 1 0 0 2 0 0 0 0 0 0 3 0 0 0 0 0 2 0 0 0 3 0 0 0 0 0 0 0 0 0 0 0 0 0 0 0 0 0 0 0 0 0 0 0 0 0 0 0 0 2159 1 1 1 1 2 1 3 7 14 0 0 2 6 6 1 1 
0 1 8 5 1 0 2 0 0 1 0 0 0 0 0 0 0 0 0 0 0 0 0 0 0 0 0 0 0 0 0 1 0 0 0 0 0 0 279 88 50 28 43 59 31 59 137 4 15 15 42 28 159 39 3 21 82 364 16 8 71 0 4 2 35 5 4 52 123 1 2 63 7 140 33 155 123 2 856 1 
16 0 329 105 242 10 4 2 4 137 13 21 25 0 0 0 157 0 0 1 28 0 0 20 0 0 20 0 0 37 5 2 12 0 0 0 0 0 0 2 0 4 0 0 0 0 2 0 0 2 3 1 0 1 0 0 0 0 0 1 0 0 0 0 0 0 0 0 0 0 0 0 0 0 1 0 0 0 0 0 
1 0 0 0 0 0 1 0 0 0 0 0 1072 237 2 1 142 36 0 0 4 8 1 1 32 52 551 6 0 0 1457 450 136 0 0 44 7 8 1 0 0 0 0 0 0 0 0 0 2 0 0 2 0 0 5 0 0 0 0 0 0 0 0 0 0 0 0 0 0 0 0 0 0 0 0 0 0 0 0 0 
0 0 0 0 0 0 0 1 0 0 0 0 0 0 1 0 0 0 2 0 0 0 0 0 0 0 0 0 0 0 0 0 0 0 0 0 0 0 0 0 1 19 3 39 57 11 0 94 0 0 0 2 198 3 353 2 1 4 15 177 177 1 0 0 11 0 3 0 1 0 0 0 0 0 0 0 0 0 0 0 
0 0 0 0 0 0 0 0 2 0 0 0 0 0 0 0 0 0 0 1 0 0 0 0 0 0 0 0 0 1 0 0 0 0 0 0 0 0 0 0 0 0 2 0 0 0 5 0 0 0 2 0 0 5 0 0 4 0 0 0 0 0 0 0 0 0 16 0 1 159 0 0 0 76 0 0 0 86 0 1 
2 0 0 228 0 0 0 1 1 18 0 0 0 6 0 13 7 0 0 0 5 0 0 0 7 0 0 2 0 0 0 0 0 0 3 0 0 0 0 0 0 0 8 0 12 9 74 0 1 1 1 5 0 2 42 7 480 14 3 0 460 351 55 89 66 3 0 1 0 42 70 1 0 0 70 1 0 15 20 0 
2 447 1 0 124 0 0 67 8 81 21 0 0 0 0 0 0 0 0 0 0 0 0 0 0 0 0 0 0 0 0 0 0 0 0 0 0 3 0 0 0 0 0 36 0 0 0 0 0 0 0 0 1 0 0 0 0 0 7 0 0 0 3 0 0 0 0 0 0 0 443 3 1 2 0 78 0 0 3 1 
0 0 0 0 0 3 0 0 0 1 16 0 0 0 0 8 0 3 0 0 0 0 0 0 0 4 4 0 0 0 0 0 1 0 0 0 1 0 0 0 0 0 0 0 0 0 0 96 5 7 5 2 0 1 0 0 32 0 30 0 0 0 10 84 12 0 0 0 1 0 0 0 0 0 0 0 0 0 0 0 
0 0 0 0 0 0 0 0 0 0 0 0 0 0 0 0 0 0 0 1 0 0 0 2 0 0 0 2 0 0 0 0 0 0 0 0 0 0 0 0 0 0 0 0 0 0 0 0 0 0 0 0 0 0 1 0 0 0 0 0 0 0 0 0 0 0 0 0 0 0 0 0 95 1 0 0 0 3 0 0 
0 0 0 0 0 0 0 0 0 0 3 14 5 0 0 0 0 0 0 0 0 0 0 0 0 0 0 0 0 0 0 0 0 0 0 0 0 0 0 0 0 0 0 0 0 0 0 1589 387 349 272 680 330 173 416 963 81 37 218 283 248 854 468 13 136 634 2187 168 118 441 1 41 13 47 1 37 36 31 8 3 
36 2 2 0 8 411 425 69 0 17 0 176 19 502 20 21 3 0 0 1 0 2 0 0 0 7 0 0 0 0 0 0 2 0 0 4 0 0 4 0 0 9 0 0 0 0 0 2 15 0 0 0 903 0 0 202 276 0 2 74 0 0 140 0 0 23 0 136 3 0 0 0 109 0 5134 98 5 1 0 537 
5 5 6 285 1 0 33 2 4 152 13 0 46 196 4 39 0 6 0 11 0 799 98 8 63 278 65 10 57 8 33 0 2 25 18 54 23 6 0 374 305 54 24 127 525 35 49 0 0 16 0 0 0 28 0 0 0 38 0 0 167 0 0 42 0 0 11 0 1 38 0 0 0 0 0 2439 26 6 7 8 
323 5 5 11 34 0 1 1397 5 2 15 10 0 78 193 56 412 0 3 0 5 0 0 18 0 0 0 21 0 0 0 6 0 0 0 0 0 8 0 0 0 0 0 1 0 0 0 0 0 8 109 5 78 3 31 64 25 0 0 0 0 5 22 272 36 6 6 0 254 240 9 57 0 4 0 50 0 6 0 0 
0 1 0 0 0 1 0 0 0 0 0 27 0 0 0 0 0 29 0 0 0 0 0 102 6 1 0 0 41 1 0 4 18 0 0 30 0 41 2 0 0 5 20 4 4 0 0 0 4 1 1 7 0 0 0 12 0 0 0 8 0 0 0 0 0 3 0 0 0 0 0 3 0 0 0 260 0 0 11 0 
0 0 34 0 0 0 11 0 0 0 0 0 3 0 0 0 0 0 2 0 0 0 0 0 36 12 0 0 0 134 0 0 0 49 0 0 1 0 0 55 0 0 0 24 0 18 0 0 0 20 0 263 17 18 26 0 11 4 9 2 14 0 1 15 76 69 12 7 0 284 9 888 328 60 265 6 2 0 0 7 
0 0 0 0 0 0 4 6 0 0 6 0 0 2 0 0 3 0 0 0 0 0 0 0 0 0 0 0 0 0 0 0 0 0 0 0 0 0 0 0 0 0 0 0 0 0 46 0 0 0 0 0 1 4 0 0 0 5 0 0 0 15 0 0 0 0 0 5 0 0 0 0 0 0 0 0 0 23 0 1123 
40 32 41 0 195 20 0 17 152 0 9 36 1 2 81 27 0 0 0 290 30 0 10 0 22 1 1242 195 2 0 2 444 0 2 128 432 0 1 179 7 0 342 1 0 251 236 0 138 0 3 0 39 10 4 16 0 4 0 42 8 0 0 22 0 0 4 113 146 1 1 0 21 10 24 0 0 0 0 0 0 
0 37 0 0 0 113 0 0 0 16 0 0 0 0 0 6 0 0 0 0 0 0 0 0 0 2 0 0 5 0 0 0 5 0 0 10 2 0 0 0 0 0 34 0 0 0 0 0 0 0 0 0 0 0 2 0 0 0 0 0 0 0 0 3 0 0 0 0 0 0 0 0 0 0 0 0 0 0 0 0 
0 454 4 3 1 4 1 0 0 1 4 1 0 0 24 0 7 0 0 1 3 19 0 0 9 0 0 0 4 6 0 0 0 1 0 0 0 3 0 0 0 0 0 1 0 0 0 0 0 0 0 0 0 0 0 0 447 382 262 263 158 194 138 221 215 28 33 179 234 88 162 186 9 114 353 752 54 39 172 0 
29 2 4 0 0 17 66 0 11 0 13 1 0 7 13 1 39 0 1 0 53 22 32 0 0 0 0 0 0 28 77 19 0 0 31 0 1 1 15 71 0 33 0 2 18 0 0 10 94 6 2 50 0 0 3 0 0 146 0 55 0 89 0 0 20 63 0 105 10 0 0 11 0 0 17 0 32 46 0 0 
0 0 0 227 76 5 2 7 83 6 12 2 40 0 0 15 2 2 31 2 0 6 42 0 70 0 2 0 34 0 33 5 1 4 13 0 1 0 3 6 0 1 0 4 4 0 2 0 1 163 20 7 1 0 1 0 0 4847 7 2 0 1 43 196 0 1 6 0 0 2 0 0 8 1 0 6 2 162 0 0 
2 0 0 0 39 6 1 2 0 37 0 12 1 149 0 0 1 2 23 6 1 0 110 4 0 39 0 1 0 59 0 6 6 0 0 0 11 0 0 0 19 0 0 1 1 94 5 0 0 0 0 0 2 0 0 0 0 0 8 0 1 22 25 0 0 0 0 0 0 1 37 0 173 0 0 1 11 42 3 0 
0 0 0 1 1 0 0 0 0 0 1 0 0 0 0 0 0 0 0 0 0 0 0 0 0 1 0 0 0 0 0 0 131 1 1 0 0 136 0 1 0 6 0 2 2 0 0 2 0 0 0 50 0 1 0 0 0 0 0 121 33 9 1 239 154 6 1 1 164 0 19 286 23 5 240 1 0 2 44 15 
85 7 0 0 12 0 669 84 44 2 1 629 3 0 0 138 1 0 2 284 7 22 238 0 0 22 1 2 0 2 0 4 0 2700 407 3 141 258 667 86 455 8 136 43 11 223 12 38 233 6 9 4 825 291 140 44 6 1 48 1 84 0 7 0 249 1 23 0 0 2 0 203 119 46 84 0 19 0 40 61 
92 0 6 0 0 0 10 80 25 0 3 0 152 5 2 29 29 0 1 78 9 0 45 75 0 10 23 62 67 0 3 0 6 0 0 0 0 0 0 0 0 0 0 0 0 0 0 0 0 0 0 0 0 0 0 33 0 0 0 0 0 2086 146 11 90 770 663 9 86 10 348 0 244 38 455 161 65 13 3 209 
203 459 3 0 30 0 131 1 29 32 0 4 0 332 1 0 8 98 0 2 3 2 2 11 23 0 0 152 499 6 0 1 0 3 0 725 37 6 18 0 278 1 3 593 100 0 0 5 2 9 28 2 0 1 19 80 3 0 4 0 4 0 134 4 88 26 16 0 4 381 0 29 1 0 299 0 939 0 21 0 
525 586 395 0 6 0 1 0 0 9 16 0 0 2 394 0 0 0 41 0 0 0 0 0 4 0 0 2 1 0 0 0 0 0 0 0 432 67 3 5 21 271 1 1 9 103 0 0 43 5 326 1 1 0 1 126 17 0 0 1 0 3 0 46 0 0 1 0 8 28 0 0 10 0 0 0 0 0 4 0 
0 0 0 0 0 1 0 0 0 0 44 13 0 10 3 22 0 0 1 6 0 0 1 6 3 3 0 0 10 18 0 0 0 0 0 0 0 0 3 0 0 0 21 0 0 0 1 0 0 0 0 0 0 0 0 0 0 0 0 0 0 0 5 0 0 68 21 15 6 9 30 8 8 41 1 5 6 4 2 42 
4 3 4 24 60 5 0 19 0 1 1 6 0 13 25 6 7 0 32 0 58 4 1 42 7 109 0 103 0 439 120 78 14 5 6 0 23 0 0 0 0 0 0 1 0 0 0 0 0 0 0 0 0 3 0 0 0 0 0 0 0 0 0 0 0 0 1 0 0 0 0 0 0 1 1 0 0 0 0 0 
3 0 0 0 0 0 0 0 0 0 0 0 0 0 0 0 0 0 0 0 0 0 0 0 0 0 0 0 0 0 0 0 0 0 0 0 0 0 0 68 300 1 166 122 245 2 0 1 1 1 0 151 2 169 72 4 0 647 12 31 0 0 4 0 0 2 6 2 0 0 0 1 0 0 0 1 0 0 1 0 
0 0 0 0 0 0 0 3 0 0 0 0 0 301 0 0 0 0 0 0 0 0 2 0 0 0 0 0 0 0 0 0 0 0 0 0 0 0 0 0 37 40 0 0 0 68 1 0 0 146 0 0 9 0 0 71 0 0 101 3 10 2 0 0 0 44 0 8 6 0 92 26 38 5 17 0 0 0 7 33 
1 80 25 3 4 49 15 118 2 0 0 0 0 0 0 2 0 0 0 0 0 0 0 0 0 0 0 0 0 0 0 0 0 0 0 0 0 0 0 0 0 1 0 0 0 0 2 0 0 0 5 0 0 0 0 0 0 0 0 0 0 0 0 0 0 0 0 0 1 392 0 0 0 461 0 0 0 113 0 0 
0 0 0 79 0 0 0 0 0 49 0 0 0 50 0 0 0 0 0 0 14 0 0 0 0 0 0 0 0 0 0 0 0 0 0 0 1 0 0 0 0 0 1 0 0 0 0 0 0 0 0 1 0 0 0 0 0 0 0 0 0 0 0 0 0 0 0 0 0 1 0 0 13 5 28 2 2 1 56 0 
81 117 1 254 27 72 0 213 280 31 62 5 20 0 0 0 61 46 0 0 0 223 0 0 0 37 0 0 48 0 0 94 0 0 43 3 0 1 0 0 0 4 0 0 0 0 0 0 0 0 0 0 0 0 0 0 0 0 0 0 0 0 0 0 0 0 0 0 0 0 2 68 0 0 0 576 0 0 0 207 
0 0 0 0 0 892 0 0 0 0 0 13 0 0 0 1 1 150 1 0 3 0 7 0 0 6 5 0 0 0 0 0 4 1 0 0 0 7 1 0 1 0 14 0 129 20 0 1 0 97 0 0 2 96 0 0 2 0 0 10 0 0 1 18 0 6 0 0 0 2 0 0 0 119 2 5 3 0 2 0 
0 0 1 96 7 27 0 10 0 96 15 77 0 0 1 0 1 11 0 0 0 0 0 0 0 0 0 0 0 0 0 0 0 0 0 0 0 0 0 0 0 0 0 0 0 0 4 0 0 0 0 0 0 0 0 0 0 0 0 0 1 0 0 0 0 0 0 0 0 0 0 0 0 0 0 0 0 0 0 0 
0 0 0 0 0 0 0 0 0 0 0 0 0 0 0 0 0 0 0 8 0 0 1 0 0 0 4 1 1 5 0 0 0 0 0 0 0 3 0 1 0 0 0 0 0 0 0 0 0 0 0 0 0 0 0 1 0 0 0 0 0 0 0 0 0 0 0 0 0 0 0 0 0 0 0 0 0 0 0 0 
0 0 0 0 0 0 0 0 0 0 0 0 0 0 0 0 0 0 0 0 0 0 0 0 0 0 0 0 0 0 0 0 0 0 0 0 0 0 0 0 0 0 0 0 0 0 0 0 0 0 0 0 0 0 0 0 0 0 0 0 0 0 0 0 0 0 0 0 0 0 0 0 0 0 0 0 0 0 0 0 
0 0 0 0 0 0 0 0 0 0 0 0 0 0 0 0 0 0 0 0 0 0 0 0 0 0 0 0 0 0 0 0 0 0 0 0 0 0 0 0 0 0 0 0 0 0 0 0 0 0 0 0 0 0 0 0 0 0 0 0 0 0 0 0 0 0 0 0 0 0 0 0 0 0 0 0 0 0 0 0 
0 0 0 0 0 0 0 0 0 0 0 0 0 0 0 0 0 0 0 0 0 0 0 0 0 0 0 0 0 0 0 0 0 0 0 0 0 0 0 0 0 0 0 0 0 0 0 0 0 0 0 0 0 0 0 0 0 0 0 0 0 0 0 0 0 0 0 0 0 0 0 0 0 0 0 0 0 0 0 0 
0 0 0 0 0 0 0 0 0 0 0 0 0 0 0 0 0 0 0 0 0 0 0 0 0 0 0 0 0 0 0 0 0 0 0 0 0 0 0 0 0 0 0 0 0 0 0 0 0 0 0 0 0 0 0 0 0 0 0 0 0 0 0 0 0 0 0 0 0 0 0 0 0 0 0 0 0 0 0 0 
0 0 0 0 0 0 0 0 0 0 0 0 0 0 0 0 0 0 0 0 0 0 0 0 0 0 0 0 0 0 0 0 0 0 0 0 0 0 0 0 0 0 0 0 0 0 0 0 0 0 0 0 0 0 0 0 0 0 0 0 0 0 0 0 0 0 0 0 0 0 0 0 0 0 0 0 0 0 0 0 
0 0 0 0 0 0 0 0 0 0 0 0 0 0 0 0 0 0 0 0 0 0 0 0 0 0 0 0 0 0 0 0 0 0 0 0 0 0 0 0 0 0 0 0 0 0 0 0 0 0 0 0 0 0 0 0 0 0 0 0 0 0 0 0 0 0 0 0 0 0 0 0 0 0 0 0 0 0 0 0 
0 0 0 0 0 0 0 0 0 0 0 0 0 0 1 0 0 0 0 0 0 0 0 0 0 0 0 0 0 0 0 0 0 0 0 0 0 0 0 0 0 0 0 0 0 0 0 0 0 0 0 0 0 0 0 0 0 0 0 0 0 0 0 0 0 0 0 0 0 0 0 0 0 0 0 0 0 0 0 0 
0 130 0 0 0 148 0 0 1 249 0 0 0 1 0 30 0 0 0 0 0 0 0 0 0 0 0 0 0 0 0 0 0 0 0 0 0 0 0 0 0 0 0 0 0 0 0 0 0 0 0 0 0 0 0 0 0 0 0 0 0 0 0 0 0 0 0 0 0 0 0 0 0 0 0 0 0 0 0 0 
0 0 0 0 0 0 0 0 0 0 0 0 0 0 0 0 0 0 0 0 0 0 0 0 0 0 0 0 0 0 0 0 0 0 0 0 0 0 0 0 0 0 0 0 0 0 0 0 0 0 0 0 0 0 0 0 0 0 0 0 0 0 0 0 0 0 0 0 0 0 0 0 0 0 0 0 0 0 0 0 
0 0 0 769 226 323 195 297 233 114 243 462 45 22 162 219 143 463 247 12 124 404 805 80 62 271 1 29 11 44 0 85 268 102 7 21 61 16 141 1 9 331 201 429 18 135 0 94 128 443 20 53 37 0 27 12 124 53 0 0 0 7 0 0 0 19 0 0 1 1 0 31 5 0 2 102 0 5 0 0 
0 8 0 0 14 0 0 0 142 0 0 110 13 0 2 3 0 0 24 0 0 0 1 0 41 0 0 0 7 0 681 36 1 5 0 127 1 0 1 101 0 0 16 1 27 13 2 0 1 405 1 3 0 3 0 2 0 2466 583 18 339 365 241 149 104 26 108 19 1 208 147 429 34 184 41 34 734 168 5 198 
44 0 13 1 4 3 0 0 0 67 0 0 0 7 0 0 2 0 0 15 1 0 1 0 0 13 0 0 0 0 0 15 47 0 0 0 202 0 0 14 32 0 0 4 0 0 39 0 0 5 1 0 37 0 0 0 13 0 1 92 0 0 0 19 0 0 0 2 0 0 1 0 0 18 0 0 0 1 0 1 
0 0 0 38 0 13 206 78 1384 92 223 24 208 0 0 1 31 66 60 407 247 44 0 0 333 536 9 132 5 1 0 28 0 1 0 0 0 0 0 0 0 0 0 0 0 0 0 1 0 0 0 0 0 0 0 0 0 0 0 268 13 4 0 0 47 1 0 3 11 0 0 2 2 0 1 0 0 8 31 1 
0 0 1 0 0 0 26 13 1 0 30 47 0 1 0 65 0 0 0 1 0 23 0 0 0 9 0 3 0 0 0 230 0 199 251 1 0 0 77 0 0 0 88 0 0 12 0 0 41 0 0 0 196 0 4 0 0 0 15 0 235 122 0 3 7 97 4 0 4 48 2 0 0 26 0 22 3 0 0 15 
52 3 1 1 0 0 0 32 79 110 87 89 7 71 37 9 12 1 22 52 560 378 95 184 4 41 103 107 307 94 185 5 10 2 4 8 0 0 0 18 0 0 8 5 0 0 6 0 0 19 0 0 12 4 0 0 0 0 0 0 0 0 0 0 0 0 0 0 0 0 0 0 0 0 0 0 0 0 0 0 
0 0 8 0 0 0 0 0 2 27 1 0 0 167 0 0 13 93 0 0 0 0 0 123 0 0 3 1 0 32 0 0 0 42 0 1025 49 0 3 3 198 2 0 39 81 0 2 1 0 1 104 9 3 0 2 285 7 0 2 0 5 0 352 155 1 0 0 166 6 1 218 214 0 0 33 32 7 18 0 0 
4 94 0 31 0 3 0 41 3 5 4 17 51 23 39 4 22 0 19 0 0 50 23 71 2 43 0 1 52 14 0 1 0 0 0 3 0 65 0 0 0 85 0 0 0 101 0 0 0 0 0 4 0 0 0 0 0 0 0 0 0 0 0 0 34 0 0 0 8 0 0 9 16 0 0 0 0 0 8 0 
0 2 0 0 2 0 0 0 0 0 0 0 0 0 0 0 0 0 0 0 0 0 0 0 0 0 0 0 0 0 0 0 0 0 0 0 0 1121 20 2 1 32 3 1 4 1 6 0 0 14 11 1 7 2 0 0 12 6 0 0 8 0 0 1 0 0 0 0 0 4 0 0 0 0 0 0 0 0 0 1 
0 0 0 0 0 0 1 0 0 1 0 0 2609 649 550 429 406 559 237 398 1458 55 31 263 384 588 1565 491 41 241 807 1821 264 153 626 3 49 6 12 2 13 22 11 0 6 118 0 87 0 9 91 182 66 0 43 0 40 29 58 26 67 31 31 273 0 0 5 0 0 0 7 0 0 0 2 0 0 0 0 0 
1 0 0 1 0 0 48 0 0 0 3 0 3 81 0 0 0 46 0 0 217 63 0 0 2 0 0 94 0 0 68 0 0 44 0 0 0 0 0 0 22 0 0 0 6 0 0 0 0 0 0 0 0 0 6 0 0 0 0 0 0 0 0 0 0 0 1321 46 10 112 367 252 10 3 9 9 0 0 284 36 
361 8 52 37 241 335 94 7 59 13 4 8 5 0 9 0 0 0 9 0 0 0 1 0 0 0 0 0 16 0 0 1 0 0 7 0 0 0 2 0 1 1 0 0 0 0 0 0 0 3 0 0 0 0 0 1 0 0 1 0 0 2 0 0 0 0 0 1255 138 3 2 1 236 5 0 1 158 0 1 3 
130 6 360 1 0 14 5 14 14 0 5 0 4 0 3 47 66 62 157 26 17 118 0 0 0 0 36 154 256 237 10 0 38 82 194 1 84 0 25 0 3 0 0 0 0 0 0 0 0 0 0 0 0 0 0 0 1 0 0 0 0 0 0 0 0 0 0 0 22 8 3 0 0 34 0 0 0 32 0 0 
0 0 1 1 0 0 1 3 0 11 0 1 0 11 0 0 167 0 0 0 56 0 0 0 48 0 0 0 0 0 22 1 0 0 0 0 11 0 0 0 86 0 118 83 0 0 0 15 0 0 0 50 0 0 0 0 0 15 0 0 0 130 0 2 0 0 0 1 0 17 12 0 0 0 28 0 5 0 3 0 
0 0 0 0 18 0 0 0 0 27 3 0 0 0 4 0 576 2 3 77 6 3 12 1 0 10 0 0 95 286 307 42 18 0 110 0 6 260 1 1 0 0 0 1 165 0 0 0 627 0 0 10 140 0 0 65 0 0 141 0 0 75 0 0 10 0 0 0 3 0 4 0 0 0 0 0 0 0 0 0 
0 0 0 0 0 0 0 0 0 0 0 68 0 0 0 0 0 0 2 1 0 0 14 0 0 0 0 0 0 0 0 0 2 0 0 0 0 0 1 0 0 0 1 0 574 100 2 3 2 233 7 0 2 321 0 1 6 11 5 83 4 0 3 2 5 59 0 3 0 4 0 1476 614 7 3 1 534 3 0 25 
636 0 2 24 15 7 365 2 0 362 171 1 118 1 4 0 34 0 2 56 170 405 6 32 45 22 0 8 0 0 44 40 23 0 100 0 243 43 2 1 1 0 0 0 0 0 1 0 0 0 3 0 0 0 4 0 0 0 0 0 1 0 0 0 0 0 0 0 0 0 0 0 0 28 0 0 0 69 0 0 
2 29 0 0 0 0 0 17 0 0 0 0 0 2 0 0 0 0 0 0 0 0 0 0 0 0 0 0 0 0 0 0 0 0 0 0 0 0 0 0 0 0 0 0 0 0 45 0 0 8 4 0 0 0 0 0 0 0 78 10 43 0 4 0 3 11 0 0 0 0 0 0 0 1 0 0 0 0 1 0 
0 0 1 0 1 0 0 0 0 0 0 0 0 0 0 0 0 0 0 0 0 1243 350 279 238 273 304 139 454 1399 24 27 211 271 222 971 264 23 164 561 1325 152 37 562 0 42 1 28 2 124 79 3 1 12 47 2 207 0 126 201 20 331 0 23 0 81 27 333 15 6 1 34 19 0 0 6 0 0 0 1 
0 0 0 3 0 0 0 0 0 15 0 0 0 0 0 6 0 0 0 0 0 27 10 0 0 0 0 0 0 161 0 0 0 2 0 0 5 0 0 0 0 0 0 0 0 0 1 0 1 2 0 0 0 0 0 0 0 0 0 0 0 0 0 2 0 0 3 0 1 0 0 0 0 1 0 933 117 5 21 916 
109 3 14 4 11 0 0 181 101 613 3 23 0 1571 390 4 7 22 8 19 0 0 0 0 0 0 0 1 0 0 0 2 0 0 0 0 0 14 0 0 3 0 0 7 0 0 0 0 0 2 1 0 0 0 0 0 0 0 0 0 0 0 0 0 2 0 0 2 0 0 1 0 0 0 0 0 1054 1314 1 0 
4 10369 7 0 1 697 0 0 22 1 4 586 1 0 133 38 1 177 0 19 0 27 0 13 68 6 631 3 137 67 34 0 0 0 0 223 237 583 1801 12 3 41 144 150 0 547 0 0 0 9 0 0 0 0 0 0 0 0 0 0 0 0 0 0 0 0 0 0 0 0 0 0 0 0 0 0 0 1 1 0 
0 0 0 0 0 0 4 0 0 1 0 0 0 0 0 0 0 0 0 0 0 0 0 0 2 25 0 0 0 215 0 0 0 7 0 0 0 0 0 0 0 0 0 0 0 0 0 0 0 253 0 1 32 0 0 0 42 0 0 0 4 0 0 0 0 0 16 0 0 0 0 0 0 0 0 0 0 0 7 8 
0 0 1 35 0 0 0 6 0 0 0 0 0 10 0 0 0 0 0 1 0 0 0 0 0 3249 1 8 39 62 2 24 37 0 19 0 1 38 86 271 117 22 0 375 3 12 26 0 112 0 0 0 0 2 0 0 0 0 0 0 0 8 0 0 1 0 0 1 0 0 0 0 0 0 0 0 0 0 0 0 
0 0 0 0 0 0 0 0 0 0 0 0 0 0 0 0 0 0 0 0 0 0 0 0 0 0 3 416 0 0 0 185 0 0 0 197 0 0 0 0 0 127 0 0 0 0 0 132 0 0 0 122 0 1271 1 11 10 0 64 1 0 8 7 0 2 0 2 0 5 1 0 0 2 7 0 0 1 0 1 0 
49 51 0 0 0 441 0 0 26 53 0 0 107 4 2 32 0 0 16 24 1 2 1 0 0 9 0 2 99 6 10 95 6 4 8 0 3 0 0 6 24 23 5 16 0 482 6 91 1 0 0 1 0 0 0 0 0 0 0 0 0 0 0 2 0 0 0 0 0 0 0 0 0 0 0 0 0 0 0 0 
0 0 22 0 0 0 145 0 0 1 13 0 0 0 0 0 150 0 0 0 0 0 1 0 0 0 0 0 0 0 0 0 0 0 0 0 0 0 0 0 0 0 0 0 0 0 0 0 0 0 0 0 0 0 0 558 0 2 3 0 4 12 0 2 1 0 0 22 25 1 3 42 0 8 7 7 0 0 0 0 
0 0 17 0 0 0 0 12 0 0 0 1 0 0 0 0 0 3 0 0 0 0 0 0 0 0 0 0 0 0 22 9 14 5 3 13 7 5 20 0 8 7 10 1 8 6 0 2 9 15 3 2 16 0 0 0 3 0 5 1 5 0 1 299 2 10 0 2 202 0 11 0 0 0 68 23 33 0 6 3 
0 1 0 14 5 12 4 0 15 0 0 1 7 51 2 165 4 1 2 0 0 1 92 56 3 1 3 0 2 0 0 39 0 63 0 77 0 0 467 12 0 72 0 0 0 0 0 0 1 0 94 13 0 1 0 1 0 15 4 2 0 12 74 0 33 1 58 0 0 4 0 0 3 0 0 0 3 0 0 0 
1 0 41 0 214 2 2 1 54 5 0 2 2 0 0 0 12 1 142 0 0 0 19 110 4 1 0 0 0 3 0 1 7 0 0 0 2 75 0 0 0 0 0 4 0 0 2 0 0 0 0 3 1 1 0 0 0 0 35 27 1 0 0 11 0 42 423 4 0 0 5 3 2 1 0 0 2 2 0 19 
0 2 0 0 0 2 1 0 0 0 0 0 0 0 0 0 0 3 0 2 0 0 0 4 0 0 0 0 0 0 0 0 3 25 2 38 17 4 0 0 0 0 0 0 20 0 37 0 5 0 68 76 111 0 14 0 0 0 1 0 0 0 0 0 0 0 0 0 0 0 0 0 0 0 1 0 0 0 0 0 
0 0 0 0 0 0 1 1 0 0 0 8 0 0 0 1 0 0 0 0 0 2 0 0 1 0 0 1 0 0 0 0 0 102 295 0 5 282 67 3 72 1 42 0 16 116 4 7 15 7 0 0 11 159 3 1 0 0 27 0 89 17 127 0 2 77 4 1 0 14 0 1 5 29 7 28 47 0 0 26 
1 9 0 0 0 0 0 151 29 4 393 595 48 13 89 4 252 0 80 14 16 13 4 14 1 5 128 319 2 0 4 0 3 0 1 0 0 0 1 0 0 0 0 3 0 0 0 0 3 0 0 0 2 2 21 16 0 0 0 2 0 142 6 0 0 0 38 1 0 25 22 0 1 12 0 1 197 73 0 4 
9 39 2 0 2 0 0 0 0 0 0 0 0 0 0 0 0 0 0 0 0 0 0 0 0 0 0 0 0 1 0 0 0 0 0 286 160 15 36 36 358 6 63 1 213 0 8 8 4 165 17 21 0 60 176 107 0 78 2 0 163 2 674 128 5 13 1 681 1 1 32 110 0 8 82 0 14 4 21 5 
0 71 230 47 1 0 0 1 0 1267 19 0 53 1 129 1 0 202 189 0 0 6 18 1 18 0 0 11 23 37 31 0 2 0 10 0 1 0 0 0 0 0 0 0 0 0 0 0 1 0 0 0 0 0 1 0 0 0 0 0 0 0 0 1 1 0 0 0 11 0 0 0 0 0 0 0 0 0 0 0 
0 5 0 0 0 0 0 0 0 0 0 3 0 0 0 0 0 0 0 0 0 0 0 0 0 0 0 0 0 0 0 0 0 0 0 0 0 5 0 0 0 0 2 0 0 0 14 0 0 7 0 0 0 0 0 0 0 0 0 0 0 0 0 0 7 1 0 0 0 0 0 0 0 0 0 0 1 0 0 0 
0 0 0 6 1 0 1 0 0 0 0 4 0 0 0 0 2 0 0 0 0 0 0 0 0 1 0 0 0 0 0 0 0 0 0 0 0 16 0 4 3 1 1 1 2 0 1 2 0 0 0 0 4 1 18 0 1 1 0 0 0 0 0 0 0 5 0 2 5 6 0 0 34 1 40 0 1 91 3 93 
0 2 0 150 33 92 8 0 1 0 0 0 0 0 0 0 0 0 0 0 0 0 0 0 1 0 0 0 0 0 0 0 0 0 0 0 0 0 0 0 0 0 0 0 0 0 0 0 0 0 0 0 0 0 0 0 0 0 0 0 0 0 0 0 0 0 3 0 0 0 0 0 0 0 0 0 0 0 0 0 
0 0 0 0 1 0 0 0 0 0 0 0 0 1265 24 3 2 138 3 0 3 6 0 0 0 154 52 555 4 0 0 1237 286 8 1 0 1 0 16 2 0 0 0 0 0 0 0 0 0 0 0 0 0 0 0 0 0 0 0 0 0 0 0 0 0 0 0 0 0 0 0 0 0 0 0 0 0 0 0 0 
0 0 0 0 0 0 0 0 0 0 0 0 0 0 0 1 0 0 0 0 0 0 0 1 0 0 0 0 0 0 0 0 0 0 0 0 0 0 0 0 0 16 21 0 44 79 75 0 20 0 25 0 0 70 0 115 74 0 0 33 85 29 0 94 0 0 0 5 0 0 0 0 0 0 0 0 0 0 0 0 
0 0 0 0 0 0 0 0 0 0 0 0 0 0 0 0 0 0 0 0 0 0 0 0 0 0 0 0 0 0 0 0 0 0 0 0 0 0 0 0 0 0 0 0 0 0 0 0 0 0 0 0 0 0 0 0 0 0 0 0 0 0 0 0 0 0 0 0 0 0 0 0 0 0 0 0 0 0 0 0 
0 0 0 0 0 0 0 0 0 0 0 0 0 0 0 0 0 0 0 0 0 0 0 0 0 0 0 0 0 0 0 0 0 0 0 0 0 0 0 0 0 0 0 2 0 0 95 0 0 0 6 0 42 1 2 128 1 7 3 0 0 65 2 25 10 0 47 1 1 0 0 0 0 0 0 0 0 0 0 0 
0 0 0 0 0 0 0 0 0 0 0 0 0 0 0 0 0 0 0 0 0 0 0 0 0 0 0 0 0 0 0 0 0 0 0 0 0 0 0 0 0 0 0 0 1 0 0 0 0 7 0 0 1 0 0 0 0 0 0 1 0 0 0 0 0 0 0 0 0 0 0 6 0 0 0 0 0 0 0 0 
0 0 2 0 0 0 2 0 0 0 0 0 0 0 0 0 0 0 0 0 0 0 0 0 0 0 0 0 0 0 0 0 0 0 0 0 0 0 0 0 0 0 0 0 0 0 0 0 0 1 1 0 0 0 0 0 0 71 0 0 0 0 0 0 1 0 0 0 0 0 0 0 0 0 0 0 0 2 0 0 
0 0 0 0 0 0 0 0 0 0 0 0 0 0 0 0 0 4 0 0 0 0 0 0 0 0 0 0 0 0 0 0 0 0 0 0 0 0 0 0 0 0 0 0 0 0 0 0 0 0 0 0 0 0 0 0 0 0 0 0 0 0 0 0 0 0 0 0 0 0 0 0 0 31 0 0 0 0 0 0 
0 0 0 0 0 0 0 0 0 0 0 0 2 0 0 0 0 0 0 0 0 0 0 0 0 0 0 0 0 0 0 0 0 0 0 0 0 0 0 0 0 0 0 0 0 0 0 0 147 32 38 20 51 30 8 27 78 13 2 11 45 28 65 36 5 22 53 99 14 20 65 0 140 2 5 1 4 3 2 0 
1 30 4 20 0 4 63 15 41 0 0 0 239 711 47 1 1 0 0 316 0 0 1 0 0 0 2 0 0 0 0 0 0 0 0 0 1 0 0 3 0 0 0 0 0 0 0 0 0 3 0 0 0 0 0 0 0 0 0 0 0 0 0 7 0 0 1 0 0 0 0 0 0 0 0 10 0 0 0 0 
6 0 0 0 1 0 0 0 0 1 2 0 0 1 0 0 0 1 0 0 2 0 216 45 79 0 126 168 0 9 1 19 0 0 183 1 63 1 10 0 325 70 7 0 50 0 0 1 0 0 0 0 0 0 0 0 0 0 3 0 0 1 0 0 0 0 0 0 0 2 10 0 0 0 0 0 1 1 0 0 
0 0 0 0 0 0 0 0 0 0 0 0 0 0 1 0 0 0 0 0 0 0 0 0 182 0 0 0 267 0 0 0 395 0 0 0 0 0 282 0 0 0 0 0 0 0 0 0 16 0 0 0 0 19 49 6 21 7 0 0 0 0 198 4 151 0 3 0 7 68 745 0 3 0 0 0 0 0 0 0 
0 0 0 0 0 0 0 0 0 0 0 0 0 0 0 0 0 0 0 0 0 0 0 0 3 0 0 0 0 1 0 0 0 0 0 0 0 0 0 0 0 0 0 0 0 0 0 0 0 0 0 3 1 0 0 0 36 0 0 0 3 0 0 0 0 0 0 0 0 1 1 0 0 0 0 0 6 0 0 5 
0 0 0 2 0 0 0 0 0 0 0 0 0 1 0 0 0 0 0 0 0 0 0 0 0 288 2 0 0 5 13 1 0 0 3 0 0 0 1 1 2 0 0 2 20 2 0 0 1 0 0 0 147 0 0 0 0 2 2 1 1 0 0 3 13 23 21 43 4 0 686 1 1 181 0 1 0 0 0 0 
2 0 0 0 0 0 0 1 0 0 0 1 0 0 2 0 0 0 0 0 0 0 0 0 0 0 0 0 0 0 0 0 0 0 0 0 0 0 0 0 0 0 0 0 0 0 0 0 0 0 0 0 0 0 4 0 0 0 8 0 0 0 142 0 0 0 0 1 27 0 0 0 0 3 3 0 0 0 3 0 
188 1 0 0 1 0 0 0 3 0 0 5 0 0 0 6 74 0 0 0 3 0 0 0 0 0 0 0 1 0 0 0 0 0 0 19 0 0 0 0 0 0 3 0 0 0 0 0 0 0 0 0 0 0 0 0 0 0 0 0 0 0 0 0 0 0 0 3 1 0 0 0 5 0 0 0 0 0 0 0 
1 0 0 0 0 0 0 0 0 0 0 0 0 0 0 0 0 0 0 0 0 0 0 0 0 0 0 0 0 0 0 0 0 1 0 0 0 0 0 0 0 0 0 1 0 0 1 0 0 0 0 0 0 0 0 0 0 0 0 0 0 0 0 0 0 0 0 0 0 0 0 0 0 0 0 0 0 0 0 0 
0 0 4 0 0 3 0 3 0 0 0 0 0 0 0 0 4 1 0 0 0 0 1 0 0 0 0 0 0 0 0 0 0 0 0 0 0 0 0 0 0 0 0 0 0 0 0 0 0 0 0 0 0 0 0 0 0 22 5 4 2 16 5 2 6 20 0 3 1 1 4 13 4 0 3 8 15 1 2 5 
0 1 0 0 0 0 20 0 0 0 4 0 0 0 0 0 236 5 0 0 0 0 5 1 0 0 0 0 0 0 0 0 0 0 0 0 0 0 0 0 0 0 0 0 0 0 0 0 0 0 0 0 0 0 0 0 0 0 1 0 0 0 41 0 0 17 4 0 0 7 0 0 0 0 0 2 0 0 9 0 
0 0 0 0 0 0 0 0 0 0 0 0 0 0 0 0 0 0 0 0 0 0 0 0 0 0 0 0 0 0 0 18 0 0 8 28 0 0 0 0 0 0 0 1 3 1 0 0 0 16 24 0 0 0 0 0 0 0 0 0 0 0 0 1 0 0 0 1 0 0 1 0 0 27 0 0 0 0 0 0 
0 0 0 0 0 0 0 0 0 0 0 0 0 0 0 0 0 0 0 0 0 0 0 0 0 0 0 0 0 0 0 0 0 11 0 0 0 0 0 0 0 25 0 0 0 0 0 0 0 0 0 0 0 0 0 0 0 0 0 6 3 1 28 0 1 0 3 0 5 0 0 15 8 4 13 0 0 0 28 5 
0 7 0 2 0 0 0 0 0 0 0 0 0 0 0 0 0 0 0 0 0 0 0 0 0 0 0 1 0 0 0 0 0 0 0 0 0 0 0 0 0 0 0 0 0 0 0 0 0 0 0 0 0 0 0 0 0 0 0 0 0 0 0 0 0 7 0 0 0 0 0 0 0 0 0 0 0 0 0 0 
0 0 1 0 0 0 0 0 0 0 0 0 0 0 0 0 0 0 0 0 0 0 0 0 0 0 0 0 0 0 0 0 0 0 1 0 0 0 0 0 0 0 0 0 0 0 0 0 0 0 0 0 0 0 0 0 0 0 0 0 0 0 0 0 0 0 0 1 0 0 0 0 0 4 0 32 0 0 0 1 
0 2 0 0 0 0 0 0 0 10 0 0 0 29 0 0 0 0 0 0 30 0 0 14 0 0 41 0 0 6 0 0 0 0 0 0 0 0 0 0 0 0 0 0 0 0 0 0 0 0 0 0 0 0 0 0 1 0 0 0 0 0 0 0 0 0 0 0 0 0 0 0 0 0 0 0 0 0 0 0 
0 0 0 0 0 0 0 0 0 0 0 0 0 0 0 0 0 0 0 0 0 0 0 0 0 0 0 0 0 0 0 0 0 0 0 0 17 0 5 0 2 52 0 0 2 10 0 0 0 0 0 1 0 0 49 2 0 6 0 0 0 1 0 0 1 1 0 0 0 0 0 0 0 0 0 0 0 1 0 0 
0 0 0 0 0 0 0 0 0 0 3 0 0 0 0 0 0 0 0 7 0 0 0 0 0 0 0 0 0 0 0 0 0 0 0 0 0 0 0 0 0 0 0 0 0 0 0 0 0 0 0 0 0 0 0 0 0 0 0 0 0 0 0 0 1 0 0 0 0 0 0 0 0 5 0 0 0 0 0 0 
0 0 0 0 0 0 1 0 1 0 0 4 0 0 0 0 0 0 0 0 0 0 0 0 0 0 0 0 0 0 0 0 0 0 0 0 0 0 0 0 0 0 0 0 0 0 0 0 0 0 0 0 0 0 0 0 0 0 0 0 0 0 0 0 0 0 1029 322 314 282 222 258 113 244 478 42 15 134 205 159 
603 219 16 130 423 851 107 46 309 0 31 3 4 0 0 0 2 0 0 2 1 0 0 0 20 1 38 0 1 0 13 1 2 0 0 1 0 0 0 0 1 0 0 0 5 0 0 0 2 0 0 1 0 0 5 0 0 1 0 0 3 0 0 0 0 0 0 7 0 0 0 22 0 0 11 0 0 2 17 0 
0 6 0 0 1 0 0 0 0 0 0 0 0 3 33 0 0 0 11 0 2 0 1 0 0 0 0 4 2 0 0 5 0 0 0 0 0 0 0 0 23 115 0 1 44 2 0 0 0 2 0 0 10 0 1 1 0 0 23 19 77 0 1 0 0 1 0 1 0 0 0 0 0 0 0 0 9 0 0 0 
0 0 7 0 0 0 0 0 0 0 0 0 0 0 0 0 0 0 0 3 0 0 0 0 0 0 3 4 2 5 0 0 1 0 0 0 0 0 0 0 0 0 1 0 0 0 2 0 0 0 0 0 1 0 0 0 8 0 0 0 0 0 2 0 0 0 0 0 1 0 0 0 26 20 0 0 0 0 0 0 
0 0 92 1 0 0 0 3 0 0 0 0 0 0 0 0 5 0 0 0 0 0 0 0 0 0 0 0 0 0 0 0 0 0 0 0 1 0 0 0 0 0 0 0 0 0 0 0 0 0 0 0 0 0 0 0 0 1 0 0 0 0 0 0 0 0 0 0 0 0 14 0 0 0 30 3 0 0 0 0 
1 52 0 0 10 0 0 0 0 0 0 23 0 0 2 0 11 20 0 0 0 44 0 0 0 14 0 0 0 0 4 39 6 0 0 3 0 0 0 0 0 0 0 6 1 0 5 2 5 0 3 0 2 0 0 0 0 0 18 0 0 0 2 23 3 0 0 1 1 0 3 0 0 0 1 0 0 0 0 1 
0 3 0 2 35 0 1 0 143 1 3 192 0 1 0 0 0 0 0 0 0 0 18 0 0 10 24 0 0 0 0 0 7 0 0 1 2 1 0 0 0 0 0 0 0 0 0 0 0 0 0 0 0 0 0 0 0 0 0 0 0 0 0 0 0 1 0 0 0 0 0 0 3 0 0 0 9 0 0 0 
13 0 0 0 0 0 7 0 0 0 0 0 1 0 0 0 1 0 427 0 0 1 0 16 0 0 2 10 0 0 0 1 0 5 1 0 0 3 29 1 1 4 0 1 0 1 1 0 0 0 4 0 0 34 4 0 0 0 0 0 3 0 0 0 0 0 0 0 3 0 1 0 0 0 0 0 0 0 1 0 
1 0 0 0 1 0 3 0 0 0 2 2 0 0 0 0 0 0 0 0 1 0 0 0 1 0 0 0 1 0 0 0 0 0 0 0 0 0 0 0 0 0 0 0 0 0 0 9 0 0 0 0 0 0 13 1 0 0 0 0 0 0 0 0 3 0 0 0 0 0 0 0 0 0 0 0 0 0 0 0 
0 0 0 0 0 0 0 0 0 0 0 0 0 0 0 0 0 0 0 0 0 0 0 0 0 0 0 0 1 0 0 0 0 0 0 0 0 0 0 0 0 0 0 0 0 0 0 0 1 0 0 0 1 0 0 0 0 0 0 0 0 0 0 0 0 0 0 0 0 0 0 0 0 0 0 7 5 0 0 0 
5 2 1 6 0 3 1 1 0 1 0 0 0 3 0 0 0 1 0 0 1 7 0 24 6 1 0 0 1 1 0 0 0 3 0 2 0 3 0 15 2 44 0 0 0 0 0 0 0 0 0 0 0 0 0 0 0 0 0 0 0 0 0 0 0 0 1 0 0 0 0 0 0 0 0 0 0 0 0 0 
0 0 0 0 0 0 0 0 0 0 0 0 0 0 0 0 0 0 0 0 0 0 0 1 0 0 0 0 0 0 0 0 0 0 0 0 0 0 0 0 0 0 0 0 0 0 0 0 0 78 2 3 2 55 9 2 0 2 3 0 1 8 2 23 0 1 0 9 9 8 1 2 1 0 0 0 0 0 0 0 
0 0 0 0 0 0 0 0 0 0 0 0 0 0 0 0 0 1 0 0 0 0 0 0 0 0 0 0 0 0 0 0 0 0 0 0 0 0 0 0 0 0 0 0 0 0 0 0 0 0 0 0 0 0 0 0 0 0 0 0 0 0 0 0 0 0 0 0 0 0 0 0 0 0 0 0 0 0 0 1 
2 0 7 0 1 1 0 0 1 5 5 47 1 1 0 0 2 0 0 0 0 0 0 0 0 0 0 0 0 0 0 0 0 0 0 0 0 0 0 0 0 0 0 0 0 0 0 0 0 0 0 0 0 0 0 0 0 0 0 0 1 0 0 0 0 0 0 0 0 0 0 0 0 0 0 0 1 0 0 0 
0 0 0 14 0 0 0 3 0 0 0 0 0 0 0 0 0 0 0 0 0 0 0 0 0 0 0 0 0 0 0 0 0 0 0 0 0 0 0 0 0 0 0 0 0 0 0 0 0 0 0 0 0 0 0 0 0 1 0 0 0 0 0 0 0 0 0 0 0 0 0 0 0 0 0 0 0 0 0 1 
0 0 0 0 0 0 0 2 0 0 0 0 0 5 0 0 0 4 1 1 2 1 1 0 1 0 0 0 0 0 0 0 0 0 0 0 0 0 0 0 0 0 0 0 0 0 0 0 0 0 0 0 0 0 0 0 0 0 0 0 0 0 0 0 0 0 0 0 0 0 0 0 0 0 0 0 0 0 0 0 
0 1 0 0 0 0 0 0 0 1 0 0 0 0 0 0 0 0 0 0 0 0 0 0 0 0 0 0 3 0 0 0 0 0 0 0 0 0 0 0 0 0 2 0 0 0 0 0 0 0 0 0 0 0 0 0 0 0 0 1 0 0 0 0 0 0 0 0 0 0 0 0 0 0 0 0 0 0 0 0 
0 0 0 1 3 0 0 0 3 0 0 0 2 1 2 0 0 0 0 2 0 0 1 0 0 0 0 0 0 1 1 0 0 0 0 0 0 0 0 0 0 0 0 0 0 0 0 0 0 0 0 0 0 0 0 0 1 0 0 0 2 0 0 0 2 0 0 0 0 0 0 0 0 0 0 0 0 0 0 0 
0 0 0 0 0 0 0 0 0 0 0 0 0 0 0 0 0 0 0 0 0 0 0 0 0 0 0 0 0 6 0 0 0 0 0 0 0 0 0 0 1 0 0 1 0 0 1 0 0 0 0 0 1 0 0 0 1 3 0 0 0 1 0 0 0 2 0 0 17 0 0 0 0 0 0 3 0 0 0 1 
0 0 0 0 0 0 0 0 0 0 0 0 0 0 0 0 0 0 0 0 0 0 0 0 0 0 0 0 0 0 0 0 0 0 0 0 0 0 0 0 0 0 0 0 0 0 0 0 0 0 0 0 0 0 0 0 0 0 0 0 0 0 0 0 0 0 0 0 0 0 0 0 0 0 0 0 0 0 0 0 
0 0 0 0 0 0 0 0 0 0 0 0 0 0 0 0 0 0 0 0 0 0 0 0 0 0 0 0 0 0 0 0 0 0 0 0 0 0 0 0 0 0 0 0 0 0 0 0 0 0 0 0 0 0 0 0 0 0 0 0 0 0 0 0 0 0 0 0 0 0 0 0 0 0 0 0 0 0 0 0 
0 0 0 0 0 0 0 0 0 0 0 0 0 0 0 0 0 0 0 0 0 0 0 0 0 0 0 0 0 0 0 0 0 0 0 0 0 0 0 0 0 0 0 0 0 0 0 0 0 0 0 0 0 0 0 0 0 0 0 0 0 0 0 0 0 0 0 0 0 0 0 0 0 0 0 0 0 0 0 0 
0 0 0 0 0 0 0 0 0 0 0 0 0 0 0 0 0 0 0 0 0 0 0 0 0 0 0 0 0 0 0 0 0 0 0 0 0 0 0 0 0 0 0 0 0 0 0 0 0 0 0 0 0 0 0 0 0 0 0 0 0 0 0 0 0 0 0 0 0 0 0 0 0 0 0 0 0 0 0 0 
0 0 0 0 0 0 0 0 0 0 0 0 0 0 0 0 0 0 0 0 0 0 0 0 0 0 0 0 0 0 0 0 0 0 0 0 0 0 0 0 0 0 0 0 0 0 0 0 0 0 0 0 0 0 0 0 0 0 0 0 0 0 0 0 0 0 0 0 0 0 0 0 0 0 0 0 0 0 0 0 
0 0 0 0 0 0 0 0 0 0 0 0 0 0 0 0 0 0 0 0 0 0 0 0 0 0 0 0 0 0 0 0 0 0 0 0 0 0 0 0 0 0 0 0 0 0 0 0 0 0 0 0 0 0 0 0 0 0 0 0 0 0 0 0 0 0 0 0 0 0 0 0 0 0 0 0 0 0 0 0 
0 0 0 0 0 0 0 0 0 0 0 0 0 0 0 0 0 0 0 0 0 0 0 0 0 0 0 0 0 0 0 0 0 0 0 0 0 0 0 0 0 0 0 0 0 0 0 0 0 0 0 0 0 0 0 0 0 0 0 0 0 0 0 0 0 0 0 0 0 0 0 0 0 0 0 0 0 0 0 0 
0 0 0 0 0 0 0 0 0 0 0 0 0 0 0 0 0 0 0 0 0 0 0 0 0 0 0 0 0 0 0 0 0 0 0 0 0 0 0 0 0 0 0 0 0 0 0 0 0 0 0 0 0 0 0 0 0 0 0 0 0 0 0 0 0 0 0 0 0 0 0 0 0 0 0 0 0 0 0 0 
0 0 0 0 0 0 0 0 0 0 0 0 0 0 0 0 0 0 0 0 0 0 0 0 0 0 0 0 0 0 0 0 0 0 0 0 0 0 0 0 0 0 0 0 0 0 0 0 0 0 0 0 0 0 0 0 0 0 0 0 0 0 0 0 0 0 0 0 0 0 0 0 0 0 0 0 0 0 0 0 
0 0 0 0 0 0 0 0 0 0 0 0 0 0 0 0 0 0 0 0 0 0 0 0 0 0 0 0 7 209 356 394 10 158 211 21 58 0 3 1118 1432 5148 1 274 0 994 1340 532 171 57 36 13 1 1 0 444 0 0 0 1585 0 0 1 148 0 1 120 0 1 623 0 0 397 0 0 1141 0 0 0 774 
0 0 868 0 0 0 270 56 0 745 182 0 1 270 5 0 2273 0 0 206 0 2 176 0 0 0 11 3 0 302 4 2 0 973 0 0 0 1113 0 0 1 0 0 519 3 0 238 3 0 201 0 3 0 5 0 0 252 0 17 163 11 82 7 0 85 0 0 139 115 1654 3 12 32 72 136 89 41 510 0 660 
14 2 0 585 0 0 0 239 0 0 1 631 0 0 167 0 0 1853 0 0 830 1 2 147 0 0 0 1 0 0 139 1 0 0 508 0 0 2 206 0 0 59 2 0 481 0 0 641 2 0 86 0 0 0 6 0 0 1580 0 0 0 1189 0 0 0 872 0 0 0 0 0 504 0 0 2 1 0 125 0 0 
0 21 0 0 3 3 22 83 0 146 35 3 38 0 0 53 274 4967 6 2 0 115 1994 2039 0 30 0 5 0 2 0 121 0 0 0 105 0 0 0 15 0 0 0 0 0 226 0 0 1 1 0 138 0 0 0 0 0 0 38 0 0 0 98 0 0 1 91 0 0 5 1 130 27 0 0 20 1 0 13 0 
0 0 5 0 0 1013 0 0 2 486 0 0 1 616 0 0 5 1 0 616 1 0 1 1 1 33 0 1 0 18 0 0 1329 0 10 0 687 0 0 0 329 0 0 7 1 0 886 0 0 39 0 0 220 0 0 0 80 0 0 636 0 0 16 896 0 0 0 68 0 0 0 0 2 1563 0 0 0 2 0 113 
0 0 0 1 0 0 5 225 69 13 11 5122 0 14 8 0 3 115 24 1023 6 103 0 877 16 332 338 91 78 28 3 0 0 590 0 0 0 611 4 301 233 142 0 0 370 0 1 518 49 0 1434 14 29 338 0 0 0 10 0 0 0 0 0 0 0 0 0 0 0 0 0 0 0 0 0 0 0 1 0 0 
241 0 0 0 0 0 0 251 0 0 4 1228 0 2 50 226 0 0 1 0 0 218 1 0 0 4 0 146 0 0 0 2 0 0 751 0 322 0 900 0 1 613 517 1 31 212 105 41 1086 767 27 2 0 1094 987 1 113 0 125 1 0 236 0 1 0 393 0 0 12025 231 0 0 0 0 0 3354 0 0 364 3 
2 81 0 195 0 46 0 0 0 0 0 0 0 0 3 5 1 0 1 2 3 643 1 326 0 12 686 34 0 0 0 0 0 0 0 221 0 0 0 400 0 0 2 231 0 0 0 0 0 255 0 0 1 2 0 71 0 0 0 0 0 0 1084 0 0 0 800 0 0 1041 1064 0 0 0 0 0 890 0 0 171 
0 0 1 0 0 0 5 0 0 0 0 0 0 0 0 0 0 12 0 0 1 0 0 0 0 0 0 0 0 0 8 0 7 0 0 0 28 0 0 0 207 0 0 0 44 0 0 1 0 0 332 0 0 0 3 0 2 0 0 0 0 0 0 20 0 0 0 28 0 0 0 15 0 0 0 0 0 5 0 0 
1 2 0 11 1 4 0 1 0 0 109 139 273 150 15 186 188 91 80 11 14 143 144 147 43 230 13 101 314 160 23 65 112 0 25 4 4 0 0 2 1 0 1 0 0 0 0 0 5 1 1 0 0 0 4 2 2 0 0 0 0 0 0 7 39 25 1 0 43 1 1 5 107 0 0 474 0 1 144 0 
0 16 62 0 82 0 0 0 8 0 17 32 1 203 1 253 0 1 208 64 0 239 9 1 0 14 0 37 27 0 389 12 0 0 0 29 0 405 34 6 4 91 264 1 2 4 84 89 0 15 47 6 82 1 0 9 20 1 29 112 4 0 108 2 8 0 0 1 8 0 5 0 0 0 0 0 17 9 1 1 
0 0 6 7 4 1 4 0 0 0 0 14 7 0 0 0 17 66 0 0 2 0 0 1 0 0 3 0 0 4 0 133 0 0 0 0 0 0 19 180 0 0 2 635 0 44 4 36 0 0 5 3 7 119 1 0 36 2 0 25 0 0 0 1 0 28 24 0 0 0 16 0 0 0 2 0 0 1 3 5 
5 0 0 2 6 2 0 0 0 0 0 0 2 0 1 15 124 1 1 19 0 1 1 0 176 15 694 0 0 0 66 44 27 0 0 0 0 0 7 0 5 0 0 1 1 0 0 0 1 0 0 0 0 0 31 0 0 0 0 0 0 0 0 0 0 0 73 12 1 1 2 330 1 0 1 83 0 0 0 0 
1 3 0 0 0 14 0 0 0 0 0 2 0 1300 50 15 6 19 260 53 9 2 261 0 50 1158 172 1 110 21 0 74 302 93 24 6 143 0 13 0 134 69 53 3 0 2017 1 0 2 146 0 0 1 166 10 155 286 0 5 31 5 12 0 1 0 0 0 2574 139 0 315 4832 77 4 721 8 376 3 118 9 
0 134 104 0 0 2 392 560 29 4 39 3 448 7 0 0 0 0 0 0 0 0 0 0 0 0 9 0 3 0 0 0 19 2 0 0 0 0 0 0 0 47 47 3 0 0 133 0 0 113 49 2 3 3 0 0 20 317 0 17 95 50 0 0 0 0 0 0 0 0 0 0 0 0 0 0 0 0 0 0 
0 0 0 0 0 0 0 0 0 0 0 0 0 0 0 696 223 64 114 534 978 3 151 0 442 1 113 301 83 73 65 24 5 137 234 483 4 10 2 0 398 0 2425 17 4 13 0 299 0 1 126 71 0 36 5 5 3 35 22 2 0 287 400 25 0 0 0 13 1 1837 20 4 48 1 1093 7 2 127 1406 0 
3 40 6 10 93 4 0 50 24 295 206 0 1 0 3 3 23 1 0 34 23 5 3 71 0 0 0 2 56 2 35 0 3 1 14 111 150 0 0 2 17 0 0 6 35 0 0 0 704 0 0 0 55 0 0 0 0 0 80 0 0 2 4 0 1 1 0 0 15 0 74 36 2 0 2 10 15 1 2 3 
0 4 6 2 14 0 4 0 4 20 5 0 0 1 0 3 0 27 2 0 0 0 10 0 0 0 9 0 0 0 0 0 32 4 0 0 0 0 0 0 0 0 2 0 667 5 8 15 5 43 3 0 0 32 0 0 11 4 3 13 0 0 2 391 0 4 0 3 0 0 0 1 10 0 0 0 8 0 0 0 
40 0 0 0 0 0 4 0 0 0 0 1 3 0 0 0 2 4 0 54 13 4 3 5 9 2 7 20 1 0 1 2 0 14 5 0 4 7 21 1 0 10 0 0 0 4 0 80 109 21 1 0 18 0 5 0 5 73 8 103 0 4 0 163 53 53 11 0 1 0 14 1 7 6 0 0 0 12 0 0 
0 10 0 0 10 0 0 1 0 0 7 0 0 2 0 0 0 6 0 0 1 0 0 0 0 0 0 0 0 0 0 1 0 0 3 0 0 0 0 0 0 0 0 0 0 0 0 0 0 0 0 0 0 0 0 0 0 0 0 0 0 0 0 0 0 0 0 0 0 0 0 0 0 451 72 0 211 39 218 97 
122 28 37 0 0 108 1 44 1 0 0 264 65 197 1 6 0 0 17 1 0 0 0 0 0 1 0 0 0 0 0 0 0 0 0 0 0 0 0 0 0 0 0 0 0 0 0 0 0 0 0 0 1 0 0 0 0 0 0 0 0 0 1 0 0 0 0 0 0 0 0 0 0 0 0 0 0 0 0 1 
0 0 0 1 0 0 0 0 1 6 0 0 0 0 1 0 0 0 0 0 0 1 15 24 5 8 4 2 12 0 0 0 0 65 0 55 9 1 0 19 13 159 1 0 0 0 0 0 0 0 0 0 0 109 0 0 0 0 0 0 0 0 0 0 0 0 0 0 0 13 0 0 0 0 0 1 2 0 0 0 
0 0 0 0 0 0 0 0 0 0 0 0 0 0 0 0 0 0 0 0 0 0 0 33 0 0 0 498 0 0 0 202 0 0 0 0 0 42 0 0 0 1 0 37 0 0 0 140 0 0 2 0 0 0 0 0 0 0 3 0 0 0 0 0 0 0 0 0 0 0 0 0 0 0 0 0 2 0 0 0 
0 1 0 0 0 0 0 0 0 0 0 3 0 0 0 0 0 0 0 0 0 0 0 8 61 4 6 37 0 1 13 11 10 0 1 40 9 29 165 0 0 172 54 117 101 20 13 19 35 1 0 0 0 0 0 0 0 0 5 0 0 0 0 0 0 0 0 0 0 0 0 0 0 0 0 0 0 0 0 0 
0 0 0 0 0 0 0 0 0 0 0 0 0 0 0 0 0 0 0 0 0 0 0 0 0 81 0 0 0 77 0 0 1 194 0 0 0 0 0 141 0 0 0 0 0 19 0 0 0 11 0 111 0 0 9 0 53 0 0 0 2 0 0 1 0 0 64 0 2 0 0 171 20 0 0 0 0 0 24 7 
0 0 0 17 4 0 1 1 0 0 10 0 0 1 0 0 0 4 0 0 0 0 0 0 0 0 1 6 16 0 0 6 19 0 10 0 1 102 26 34 1 0 0 125 86 942 0 1 0 0 5 5 0 0 0 0 0 1 0 0 0 50 0 0 0 0 0 0 0 0 0 0 0 0 0 0 0 0 0 0 
3 0 0 0 0 0 0 0 0 0 0 0 0 0 0 0 0 0 0 0 0 0 0 0 0 0 0 0 0 0 0 0 0 0 0 0 0 0 0 0 0 0 0 0 0 0 0 0 0 0 0 0 0 798 1 0 2 0 3 0 0 0 2 0 0 1 0 1 0 1 0 1 4 2 1 0 1 0 0 0 
0 0 0 0 0 0 0 0 0 0 0 0 0 0 0 0 0 0 0 0 0 0 0 0 0 0 0 0 77 21 24 13 21 11 5 15 41 1 1 12 18 9 26 19 2 12 37 22 3 7 8 0 0 0 187 1 100 11 29 4 5 24 6 7 0 4 574 161 1263 2 66 0 203 162 263 94 4 0 0 38 
0 0 0 0 0 0 1 0 0 0 0 0 0 0 0 0 0 0 0 0 0 0 0 0 0 0 0 0 0 38 0 0 0 107 0 0 0 14 0 0 6 0 0 82 0 0 2 0 0 81 0 0 0 0 0 0 0 0 0 0 0 0 0 0 0 0 0 0 0 0 3 0 0 0 0 0 0 0 0 0 
0 0 990 39 3 5 259 23 5 0 3 26 0 0 68 16 299 0 59 0 157 339 12 0 0 0 0 4 0 56 0 0 0 0 0 0 0 0 0 0 0 0 0 0 0 0 0 0 0 0 0 0 0 0 0 0 0 0 0 0 0 0 0 0 0 0 0 0 0 0 0 0 0 0 1 0 0 0 0 0 
0 0 0 1353 551 4 2 1 285 7 6 5 233 1 1 11 25 22 167 2 0 24 7 19 43 1 8 0 5 0 3 304 1 2 32 98 19 3 0 0 0 0 41 27 65 56 54 0 43 55 142 0 28 0 0 0 7 0 0 0 0 0 0 0 0 0 0 0 0 0 0 0 0 0 0 0 0 0 0 0 
0 0 0 0 317 8 3 2 1 131 4 2 5 21 1 0 44 0 15 7 2 0 4 54 14 0 0 16 0 11 0 0 162 0 0 0 147 0 0 0 58 0 0 0 0 0 57 0 0 0 0 1 66 0 0 0 2 0 2 0 0 0 0 3 0 0 0 1 0 0 0 0 0 0 0 0 0 0 0 0 
0 0 1 0 0 0 0 0 0 0 0 0 0 0 1 0 0 0 0 0 0 0 0 0 0 0 0 0 0 0 0 0 26 43 20 23 8 8 1 40 8 39 0 3 216 824 863 35 31 0 281 14 36 445 22 18 11 4 4 0 0 0 0 0 0 0 0 0 0 0 0 0 0 0 0 0 0 0 0 0 
0 0 0 0 0 0 0 0 0 0 0 0 0 0 0 0 0 0 0 0 0 0 0 0 0 0 0 37 0 0 0 0 0 1 43 0 1 0 114 0 0 0 127 0 0 0 1 0 63 1 0 0 0 0 19 0 0 0 4 0 57 1 0 2 0 3 0 0 0 1 0 0 0 0 0 0 0 0 0 0 
1 0 0 0 0 1 0 450 58 0 0 0 183 1 0 0 607 0 0 51 3 10 68 0 0 16 114 1 105 0 0 0 0 0 0 3 2 0 0 4 1 0 0 9 0 0 205 52 3 5 11 0 161 91 75 0 0 0 0 0 0 0 0 0 0 0 0 0 0 0 0 0 0 0 0 0 0 0 0 0 
0 0 0 0 0 0 0 0 0 1 0 0 0 0 0 0 0 0 0 0 0 0 0 0 0 0 0 0 0 0 0 0 0 0 0 0 0 0 0 0 0 0 0 0 0 0 0 0 0 0 0 0 0 0 0 0 0 0 0 0 0 0 146 0 0 14 2 0 0 2 0 0 0 0 0 0 1 1 1 0 
0 0 1 0 0 0 0 0 0 3 3 0 0 0 0 0 0 0 0 0 1 0 0 0 0 0 0 0 0 0 0 0 0 0 1 0 0 1187 685 329 248 325 430 155 427 1200 51 35 197 312 257 586 392 13 149 782 1769 148 95 410 3 59 20 34 0 16 2 3 1 4 28 4 47 0 9 15 42 77 0 2 
0 90 9 42 12 10 8 0 262 1 0 2 0 0 0 6 0 0 0 1 0 0 0 0 0 4 0 0 0 0 0 10 0 0 0 5 0 0 5 0 0 0 0 0 0 2 1 0 0 1 0 0 6 0 0 2 0 0 0 0 0 0 0 0 13 4 0 0 0 41 0 0 0 64 0 0 32 0 0 5 
0 0 13 12 0 2 0 0 0 5 0 413 132 35 122 206 71 89 25 1 1 1 3 109 76 339 1 86 2 587 240 43 8 65 6 6 2 1 0 5 0 0 0 2 0 0 0 5 0 0 0 0 0 4 0 0 1 0 0 1 0 0 0 0 0 0 4 0 0 0 95 0 0 0 6 0 0 0 8 0 
3 0 0 0 0 0 0 0 0 0 5 0 0 4 0 0 0 7 0 0 0 0 0 0 0 0 0 5 0 0 0 0 0 0 0 0 0 0 0 3 264 4 216 60 82 204 42 0 0 0 0 30 14 299 43 14 0 75 458 144 6 52 0 6 0 4 2 0 0 0 0 87 0 0 0 0 0 0 0 0 
0 1 0 0 0 0 0 0 0 0 0 0 0 0 0 0 0 0 0 0 0 0 0 0 0 0 0 0 0 0 0 0 0 0 0 0 0 0 0 0 1 3 0 0 0 68 0 0 0 15 0 0 0 0 0 6 0 0 0 0 0 3 0 0 0 70 0 0 14 0 0 0 3 0 0 0 39 0 0 0 
0 0 2 0 0 0 0 1 3 0 0 0 0 0 0 2 0 0 0 48 0 0 0 1 0 0 0 0 0 2 0 0 0 0 16 1 0 0 0 0 0 109 0 1 30 4 89 3 16 1 5 0 0 20 81 176 21 55 0 35 1 4 98 3 109 24 0 13 0 1 0 0 0 1 0 0 1 2 0 0 
0 0 0 10 0 0 2 0 3 1 0 0 0 0 0 0 0 0 0 0 0 0 0 0 0 0 0 0 0 0 0 0 0 0 0 0 0 0 0 0 0 0 33 74 0 0 0 105 0 0 0 32 0 0 0 0 0 69 0 0 0 1 0 24 0 0 0 15 0 690 0 2 8 0 1 1 0 4 0 0 
1 5 12 3 11 2 0 0 2 15 0 0 3 0 0 0 11 0 0 0 0 0 0 0 3 0 0 0 0 0 0 0 0 0 3 1 0 0 0 0 0 0 0 3 32 13 166 0 11 0 4 0 1 0 6 9 15 14 3 15 0 79 11 57 0 2 0 0 1 0 0 16 0 0 0 74 0 0 0 5 
0 0 0 0 0 18 0 0 0 0 0 0 0 0 0 0 0 0 21 0 0 0 0 0 0 0 9 0 0 0 0 0 5 0 0 3 0 0 0 0 0 0 0 0 0 0 0 0 0 0 0 0 0 0 0 0 0 0 0 0 0 0 0 0 0 0 0 0 0 0 0 180 1 0 6 1 3 0 1 0 
13 0 0 0 1 1 0 0 0 0 3 3 0 1 0 0 0 0 0 0 0 0 0 1 0 0 0 1 0 0 0 0 0 0 0 0 0 0 0 0 0 0 0 0 0 0 2364 819 1158 639 928 1068 462 649 1577 104 83 641 714 796 1700 1079 62 473 1711 1775 462 259 924 2 86 9 44 1 17 101 348 1 12 32 
0 0 0 118 144 33 269 0 19 0 787 268 330 37 43 0 0 0 2 10 44 1 0 0 28 0 0 0 0 0 0 8 0 0 14 0 0 20 77 4 5 0 0 0 6 0 11 142 0 3 2 129 0 0 233 116 0 49 33 0 0 288 0 0 22 1 829 60 0 0 0 4 0 3604 53 5 2 10 75 1 
25 0 189 0 0 23 10 4 13 0 0 4 33 3 86 0 16 0 4 0 188 6 5 219 146 0 13 2 0 2 0 68 60 122 475 1 67 1 66 25 156 0 7 2 0 0 3 79 23 0 1 0 70 117 0 1 80 0 0 39 0 0 138 0 0 7 3 28 50 0 0 0 2 0 4 135 0 0 0 51 
1 3 6 93 0 0 17 3 2 31 0 0 32 5 0 56 0 0 0 1 0 3 8 1 0 0 34 0 0 0 28 0 0 4 2 4 24 0 0 3 0 1 1 0 0 0 0 0 2 1 0 5 11 0 0 153 0 0 2 1 8 5 100 1 2 0 310 7 60 1 21 0 0 0 7 0 1 0 0 0 
12 0 0 0 1 0 0 0 0 0 1 0 0 0 0 0 8 0 0 0 0 0 49 1 0 0 0 4 0 0 0 12 0 2 0 0 1 0 0 0 0 9 0 0 0 0 0 0 0 155 105 5 6 113 147 158 8 3 175 0 7 503 18 1 63 46 0 3 74 52 7 47 6 0 348 1 425 163 88 0 
0 202 1 0 1 96 0 0 5 3 8 58 141 3 0 95 4 4 0 2 0 9 0 1700 77 10 698 403 282 10 1351 7 78 10 2 10 4 63 121 4 8 37 290 1677 54 7 3 0 6 6 6 3 1 3 2 0 5 23 0 2 0 0 19 3 31 0 76 0 61 0 0 15 30 3 0 0 0 72 91 0 
2 0 61 0 0 33 20 0 0 17 0 0 72 5 0 48 11 94 26 0 0 0 1 0 25 0 0 0 0 0 0 0 0 0 0 0 0 0 0 0 0 0 0 0 0 96 0 0 0 0 0 3045 468 265 72 41 1229 95 85 97 1688 1 26 75 316 238 56 23 0 83 958 271 7 158 43 0 303 2 2804 25 
4 67 4 369 0 1 20 129 0 6 10 10 22 30 180 31 0 777 595 41 3 4 0 5 0 459 97 5 47 0 197 1 0 149 126 0 0 2 0 2 27 1 0 41 55 209 9 0 115 0 56 2 2 0 0 2 3 2 0 2 0 0 0 0 4 5 0 0 24 0 39 4 24 0 7 0 0 0 0 19 
64 0 0 0 848 0 0 0 153 0 0 0 0 0 57 0 0 0 3 0 1 1 0 0 6 0 594 17 2 6 1 35 0 1 48 29 0 0 2 1 1 6 1 0 5 135 1 0 0 1 0 2 0 23 269 0 80 0 35 2 0 36 70 1 0 0 0 0 3 126 1 0 0 129 3 0 0 0 1 0 
526 5 1 1 1 25 0 4 0 3 0 0 2 4 4 17 0 0 1 11 0 1 1 2 0 0 0 7 0 1 0 1 8 1 0 0 0 0 0 0 0 0 0 0 0 1 0 0 0 0 0 0 0 0 0 598 113 252 116 226 78 84 184 338 33 12 127 134 138 148 181 1 85 294 1817 38 48 178 1 24 
4 2 0 7 134 3 0 0 4 1 46 0 6 55 108 39 0 1 0 118 68 26 22 36 0 0 8 0 0 0 0 0 0 0 0 0 0 0 0 0 0 0 0 0 0 0 4 0 0 0 0 0 0 0 0 0 0 0 0 0 0 0 0 1 0 0 0 1 0 0 10 0 0 0 0 0 0 0 0 0 
0 0 0 0 0 0 0 0 0 0 0 0 0 0 0 0 0 0 0 0 1 0 0 0 0 0 0 0 0 60 26 10 133 12 49 0 2 0 3 0 0 53 12 54 2 0 0 283 59 8 1 2 67 1 0 0 69 11 1 0 0 283 0 0 0 199 0 0 12 2 3 62 1 0 5 16 0 0 0 0 
0 6 0 0 1 0 0 0 0 0 0 0 0 0 0 0 0 0 0 0 0 0 0 0 0 0 0 0 0 0 0 0 0 0 0 0 0 0 0 1 0 0 1 0 0 0 0 0 4 0 0 0 0 0 0 0 0 1 9 3 283 15 65 25 28 0 0 0 0 20 0 277 2 0 0 259 20 24 0 28 
0 76 0 4 0 0 0 0 0 0 0 0 0 0 0 0 0 0 0 0 0 0 0 0 0 0 0 0 0 0 0 0 0 0 0 0 0 0 0 0 0 0 0 0 0 0 0 0 0 0 0 0 0 0 0 0 0 0 0 72 0 0 0 92 0 2 0 23 0 0 1 0 0 63 0 0 0 0 0 112 
0 0 0 39 0 0 2 0 0 0 0 0 0 0 0 0 0 0 0 0 0 0 0 0 0 0 0 0 0 0 0 0 3 0 0 0 0 0 0 0 0 0 0 0 0 0 0 0 0 0 0 0 0 0 0 0 0 0 0 0 2 0 3 0 3 0 3 0 0 0 0 122 0 4 42 0 0 1884 6 3 
131 0 23 4 0 0 0 0 0 0 0 1 0 0 0 1 0 0 1 0 0 0 0 0 0 0 0 0 0 0 0 0 0 0 0 0 0 0 0 0 0 0 0 0 0 0 0 0 0 0 0 0 0 0 0 0 0 0 0 0 5 93 0 0 0 226 0 0 0 20 0 0 0 1 0 523 0 0 0 1 
0 14 0 0 0 1 0 12 0 0 0 0 2 0 0 2 0 0 0 0 0 0 2 5 0 0 1 1 0 0 0 0 0 0 61 1 0 0 2 273 0 0 17 8 0 0 1 1 1 0 0 0 0 3 0 0 0 0 0 13 0 0 0 0 1 0 0 0 5 2 0 0 0 167 1 28 0 0 0 43 
42 24 0 0 0 0 0 2 0 0 0 0 0 0 0 0 0 0 0 0 0 0 0 0 0 0 0 0 0 1 0 0 0 0 0 0 2 0 0 0 0 0 0 1 0 0 0 0 0 0 0 0 0 0 0 0 0 0 0 0 0 0 0 0 0 0 0 0 0 0 0 0 0 0 0 0 0 0 0 0 
0 0 0 0 0 0 0 0 0 30 1 0 0 0 0 0 0 0 16 0 0 0 0 0 0 0 0 0 0 0 0 0 0 0 0 0 0 0 0 0 0 0 0 0 0 0 0 0 0 0 0 0 0 0 0 0 0 0 0 0 0 0 0 0 348 105 87 57 80 83 38 79 260 13 7 52 68 59 251 91 
3 46 139 589 42 27 114 0 4 1 5 0 8 4 4 11 0 24 0 130 0 0 23 21 121 9 8 0 136 6 135 6 31 2 0 2 29 0 0 0 0 0 3 0 0 0 1 0 0 0 0 0 2 0 0 0 0 0 3 0 0 0 2 0 0 7 0 0 0 0 0 0 1 0 0 0 0 0 0 1 
0 0 1 0 0 0 0 0 0 0 0 0 4 0 0 0 0 0 0 0 0 0 0 0 0 0 6 0 0 0 0 0 0 0 0 0 0 0 714 7 2 3 124 3 5 0 3 0 0 0 39 20 320 80 2 0 291 223 125 1 2 3 0 1 0 0 0 0 0 0 4 0 0 0 2 0 0 0 0 0 
0 0 0 0 0 0 0 0 0 0 0 0 0 16 0 0 0 42 0 0 0 9 0 0 22 0 0 15 2 0 5 0 0 3 0 0 0 1 0 278 7 18 0 0 18 5 3 1 5 0 0 38 0 4 15 0 0 0 4 405 0 0 0 0 0 0 0 18 26 82 4 14 7 9 0 0 0 1 9 3 
266 23 5 1 24 77 11 3 147 0 0 0 5 0 0 0 0 0 0 0 0 0 0 0 0 0 0 0 0 0 0 0 0 0 0 0 0 0 0 0 0 0 0 0 0 0 0 0 0 0 0 0 0 0 0 1 0 0 0 0 0 0 0 0 0 0 0 1 267 0 0 0 74 0 0 0 1080 0 0 0 
0 1 70 0 0 0 0 0 3 0 0 0 21 0 4 14 0 1 0 10 0 0 0 2 0 0 0 0 0 0 0 0 0 1 0 0 0 0 0 5 0 77 44 2 0 0 33 0 0 0 81 0 0 0 0 6 36 0 0 0 11 0 0 0 0 0 0 0 144 3 6 0 13 50 4 25 0 45 0 1 
18 1 80 148 1 0 41 4 98 27 41 3 0 1 0 0 1 0 0 0 1 0 0 0 6 0 0 6 0 0 0 0 0 0 0 0 0 0 0 0 0 0 0 0 0 0 0 0 0 0 0 0 0 0 0 0 0 0 0 0 0 0 0 0 0 0 0 0 0 0 466 0 0 0 328 0 1 0 21 0 
0 0 1 1 152 0 0 0 0 0 12 0 0 0 3 0 193 1 0 0 0 0 1 0 1 5 0 0 0 0 0 0 0 0 0 0 10 0 0 2 0 0 0 1 0 0 0 0 1 0 0 23 0 0 0 0 0 0 32 0 0 0 0 0 0 0 0 0 0 0 0 325 7 2 0 159 0 0 0 63 
0 0 56 7 28 0 2 0 24 25 9 0 0 0 0 7 0 0 0 0 0 0 0 0 0 0 0 0 0 0 0 0 0 0 0 0 0 0 0 0 0 0 0 0 0 4 0 0 0 0 0 0 1 1 0 0 0 0 0 2 0 0 0 0 0 2 0 0 0 0 0 0 0 0 0 0 0 0 0 0 
0 0 0 0 0 0 0 0 0 0 0 0 0 0 0 0 0 0 76 1 0 0 0 1 0 0 0 1 0 0 0 9 1 0 2 0 1 0 0 0 0 0 0 0 0 0 0 0 0 0 0 0 0 0 0 0 0 0 0 0 0 0 0 0 0 0 0 0 0 0 0 0 0 551 142 236 94 109 127 58 
166 355 24 17 128 120 125 224 193 8 67 216 457 47 37 231 1 11 3 3 0 92 8 207 14 3 14 1 45 1 38 132 52 579 2 150 0 335 450 1261 44 529 13 0 11 4 0 7 0 0 0 2 0 0 0 1 0 0 0 0 0 13 0 0 3 0 0 0 0 0 0 1 0 0 3 0 0 0 0 0 
0 0 0 0 0 0 0 0 0 0 0 0 0 0 0 0 0 0 0 1 0 3 0 0 0 1 0 0 0 1 0 0 0 0 0 0 0 0 1 0 0 0 0 0 0 0 0 8601 257 8 18 133 37 11 1 1 327 0 0 108 443 357 29 5 8 1470 259 47 4 5 29 2 391 0 0 5 0 0 0 0 
0 0 3 0 0 0 0 0 0 2 0 0 1 1 0 13 0 0 0 0 0 0 0 0 0 0 5 0 0 0 0 0 0 0 0 0 3 0 0 0 0 0 1 0 0 0 0 0 0 5 0 0 0 0 0 0 0 0 0 0 0 0 0 3 0 0 0 0 0 0 0 0 0 0 0 1 21 33 350 8 
92 2 82 1 0 0 1 184 182 336 47 39 0 77 1036 96 0 4 0 0 0 2 0 0 0 0 0 0 0 0 0 0 0 0 0 0 0 0 0 0 0 0 1 0 0 0 0 0 0 1 0 0 0 0 0 0 0 0 1 0 0 0 0 0 0 0 0 0 0 0 0 0 0 0 1 0 2 7 0 0 
0 23 0 0 0 2 0 0 0 1 0 6 0 0 0 0 0 1 0 0 0 53 0 4 103 0 0 0 43 0 0 0 9 0 0 0 0 0 4 0 0 0 0 0 2 0 0 0 0 0 82 1 2 1 0 23 0 0 0 4 0 0 0 0 2 3 0 0 0 23 0 1 0 0 0 0 1 152 7 18 
9 38 46 4 34 0 7 0 2 205 78 136 162 66 0 267 156 23 366 6 301 0 1 0 0 0 0 0 0 0 0 0 0 2 0 0 2 0 0 0 0 0 0 0 0 0 0 0 0 0 0 0 0 0 0 0 0 0 0 0 0 0 0 0 0 0 0 0 0 0 0 0 0 0 0 0 0 0 5 106 
0 0 0 67 0 2 0 23 0 0 0 1 0 73 0 0 0 1 1 7 0 0 0 1 0 41 0 0 3 0 0 0 0 0 0 0 3 0 0 0 11 3 0 0 0 4 0 0 0 0 0 0 302 6 0 3 0 67 2 0 19 2 0 0 6 1 4 5 0 0 0 23 3 1 0 1 0 8 1 1 
0 4 9 3 1 2 6 0 0 0 0 3 47 52 0 0 0 47 172 13 0 0 0 7 3 0 0 1 0 0 0 0 0 0 0 0 0 0 0 0 0 0 0 0 0 0 0 0 0 0 0 0 0 0 6 0 0 0 20 0 0 2 2 0 0 0 0 0 1 0 0 1 0 0 0 0 0 0 0 0 
0 0 0 0 0 0 0 0 0 0 0 0 0 0 0 0 0 0 0 0 0 0 0 0 0 0 0 85 1 1 0 7 0 0 0 0 0 0 0 1 41 0 0 10 0 0 8 0 1 0 0 0 0 0 0 0 0 0 0 0 0 0 0 0 0 0 0 0 0 0 0 0 0 0 0 0 0 0 0 0 
0 0 90 30 32 28 14 42 17 132 25 1 12 32 15 20 20 53 1 7 48 20 1 1 48 1 0 4 132 0 45 2 4 4 1 9 4 4 0 1 408 66 306 0 1 0 155 16 245 0 0 0 0 0 0 2 3 4 0 0 52 0 0 1 47 0 0 117 0 1 1 0 0 13 1 1 52 0 0 0 
0 0 397 1785 0 2 0 227 0 0 382 171 0 188 52 0 1 39 0 0 1 64 185 134 0 0 0 5 4 242 37 0 0 69 406 1 42 1 58 0 0 12 0 11 4 0 0 0 16 7 7 0 1 0 0 0 94 0 5 10 117 0 102 4 0 0 0 0 57 2 131 0 1 0 76 360 46 7 35 66 
0 0 0 149 0 0 0 0 65 214 0 0 144 0 0 4 0 0 20 0 0 1 1 46 22 0 0 0 36 0 19 55 2 1 0 49 0 9 340 156 0 0 4 7 252 27 0 0 64 4 1 28 0 4 0 1 0 0 0 0 0 0 0 0 0 0 1 0 0 1 3 0 0 0 0 0 0 0 1 0 
0 0 0 0 69 0 0 0 0 0 0 0 0 29 0 0 0 0 0 0 0 0 0 0 0 0 0 0 0 0 0 0 1 0 0 0 1 0 0 0 0 0 0 0 0 0 2 0 0 0 0 0 0 0 0 0 0 1 6 11 0 0 0 135 0 0 0 5 0 0 1 0 0 1 0 0 0 0 0 0 
0 0 0 0 0 158 75 7 6 55 155 1 3 3 220 0 8 548 2 0 63 0 0 20 39 27 6 2 16 0 102 0 150 79 15 0 0 257 0 0 0 125 2 0 0 95 1 36 252 0 0 51 0 5 0 0 0 0 0 4157 365 7 329 463 607 223 2417 23 153 6 73 35 2 89 52 1 28 3 393 685 
46 118 2 0 5 0 18 0 0 4 43 0 0 7 0 1 0 0 18 31 2153 0 1 0 37 7 19 312 0 7 0 0 0 44 19 0 1 0 6 1 0 13 9 0 1 52 5 0 2 41 0 2 30 25 1 0 0 0 0 1 0 0 0 0 0 0 0 0 0 0 0 0 0 0 0 0 0 0 0 0 
0 24 0 0 0 0 0 347 25 1 44 42 245 0 19 0 116 0 1 26 21 6 20 1 0 12 239 55 1 9 2 0 22 0 2945 63 5 111 23 210 11 4 1466 102 0 15 30 265 23 48 95 2 16 127 732 15 2 3 0 3 0 1744 190 1 31 0 672 1 0 817 519 0 1 34 5 15 62 2 0 8 
570 187 138 0 0 0 395 12 0 0 0 0 0 0 0 0 0 0 0 0 0 24 0 0 0 0 0 10 0 0 0 0 0 0 0 33 82 0 0 1 1068 0 0 0 114 0 0 0 0 0 13 0 0 0 0 0 0 4 0 0 6 0 0 0 0 0 0 2 0 0 0 5 0 0 0 0 0 0 0 0 
0 0 0 0 0 0 0 0 0 63 0 0 0 0 44 0 0 0 5 0 0 0 0 1 1 0 0 0 0 18 0 0 0 0 1 0 0 0 0 0 0 0 0 0 0 0 0 0 0 0 0 1 0 0 0 0 0 0 0 0 0 0 0 6 63 0 0 0 132 0 0 0 8 0 0 0 0 0 5 0 
0 0 0 0 0 0 0 0 0 8 0 1 0 0 0 0 0 0 0 0 0 0 0 0 0 0 0 0 0 0 0 0 0 0 0 0 0 1 0 0 35 0 0 0 3 1 10 0 3 0 42 30 0 6 0 9 0 0 1 0 0 1 1 0 0 0 0 0 0 0 0 0 0 0 0 0 0 0 0 0 
0 0 0 0 0 0 0 0 0 0 0 0 0 0 0 0 0 0 0 0 0 0 0 0 0 0 0 0 0 0 0 0 0 0 0 0 0 0 0 0 0 0 0 0 0 0 0 0 0 0 0 0 0 0 0 0 0 0 0 1 0 0 0 0 0 1 4 0 207 2 0 29 0 0 0 0 0 0 1 0 
1 0 0 14 3 0 1 0 54 0 0 0 0 0 0 0 0 0 0 0 0 0 0 0 0 0 0 0 0 0 0 0 0 0 0 0 0 0 0 0 0 0 0 0 0 0 0 0 0 0 0 0 0 0 0 0 0 0 0 0 0 0 0 0 0 0 0 0 0 0 0 0 0 0 0 0 0 0 0 0 
0 0 0 0 0 0 0 0 0 0 0 0 0 0 1 0 1 0 0 0 2 0 0 0 0 0 5 6 0 0 0 0 0 3 0 0 0 0 0 0 0 0 0 0 0 0 0 0 0 0 0 0 0 0 0 0 0 0 0 0 0 0 0 0 0 0 0 0 0 0 0 0 0 0 0 0 0 0 0 0 
0 0 0 0 0 0 0 0 0 0 0 0 0 0 0 0 0 0 0 0 0 0 0 0 0 0 0 0 0 0 0 0 0 0 0 0 0 0 0 0 0 0 0 0 0 0 0 0 0 0 0 0 0 0 0 0 0 0 0 0 0 0 0 0 0 0 0 0 0 0 0 0 0 0 0 0 0 0 0 0 
0 0 0 0 0 0 0 0 0 0 0 0 0 0 0 2 0 16 2 0 2 0 1 94 34 0 2 10 0 23 0 0 0 33 18 0 31 0 1 0 23 0 0 0 0 0 0 0 0 0 0 0 0 0 0 0 0 0 0 0 0 0 0 0 0 0 0 0 0 0 0 0 0 0 0 0 0 0 0 0 
0 0 0 0 0 0 0 0 0 0 0 0 0 0 0 0 1 0 0 0 0 0 0 0 0 0 0 0 0 0 0 0 0 0 0 0 0 0 0 0 0 0 0 0 0 0 0 0 0 0 0 0 0 0 1 0 0 0 0 0 0 0 0 0 0 0 0 0 0 0 0 0 0 1 0 0 0 0 0 0 
0 0 0 0 0 0 0 0 0 0 1 0 0 0 0 0 0 0 0 1 0 37 1 0 20 1 4 0 0 22 11 38 0 0 0 6 51 0 0 0 0 0 0 0 0 0 0 0 0 0 0 0 0 0 0 0 0 0 0 0 0 0 0 0 0 0 0 0 0 0 0 0 0 0 0 0 0 0 0 0 
0 0 0 0 0 0 0 0 0 0 0 0 0 0 0 0 0 0 0 0 0 0 0 0 0 0 0 0 0 0 0 0 0 0 0 0 0 0 0 0 0 0 0 0 0 0 0 0 0 0 0 0 0 0 0 0 0 0 0 0 0 0 0 0 0 0 0 0 0 0 0 0 0 0 0 0 0 1 0 0 
0 0 0 0 0 0 0 0 0 0 0 0 0 0 0 0 0 0 0 0 135 32 36 20 22 33 13 35 100 3 8 13 15 13 114 26 0 11 40 115 22 4 38 0 6 2 19 1 16 1 0 0 0 1 3 2 0 0 2 2 32 0 4 0 9 2 5 0 0 2 0 2 0 0 4 0 0 0 2 0 
0 0 2 0 0 0 0 0 4 0 0 1 0 0 0 0 0 0 0 0 0 0 0 0 0 0 0 0 0 0 0 0 0 0 0 3 0 0 0 0 0 0 0 0 0 0 0 1 0 0 0 0 0 0 0 0 0 0 0 0 0 0 3 0 0 0 0 0 0 0 0 0 0 0 313 3 3 1 62 47 
2 2 2 3 0 0 29 5 131 1 16 0 179 94 58 0 0 5 0 29 0 0 1 0 0 0 2 0 0 0 0 0 0 1 0 0 3 0 0 0 0 0 1 0 0 0 0 0 0 1 0 0 0 1 0 0 0 0 0 0 0 0 0 0 0 0 0 0 0 1 0 0 0 0 0 0 2 0 0 0 
2 0 0 0 0 0 0 0 0 1 11 0 0 0 0 0 1 0 0 0 0 0 13 1 1 9 5 8 0 0 0 0 0 3 21 3 213 0 6 0 3 7 7 0 1 0 0 0 0 0 0 0 0 0 0 0 0 0 0 0 0 0 0 0 1 0 0 0 0 0 0 0 0 0 0 0 0 0 0 0 
0 2 0 0 0 0 0 0 0 0 0 0 0 0 0 0 1 0 0 0 0 1 0 0 4 0 0 0 21 0 0 0 25 0 0 0 0 0 2 0 0 1 0 0 1 0 0 0 32 0 0 2 0 0 0 1 0 0 0 0 0 0 0 1 0 0 0 0 0 0 0 0 0 0 0 0 0 2 10 0 
0 0 32 0 0 0 14 0 0 0 0 1 140 0 0 0 0 0 1 0 0 0 0 0 2 0 2 2 9 3 1 0 1 0 0 1 3 3 2 0 2 0 8 4 1 2 2 2 0 0 0 0 0 0 0 0 0 0 0 0 1 0 0 0 0 0 0 0 0 1 0 0 0 0 0 0 0 0 0 0 
0 0 0 0 0 0 0 0 0 0 0 0 0 0 0 0 0 0 0 0 0 0 0 0 0 0 22 0 0 0 1 0 0 0 5 0 0 0 0 0 5 0 0 0 0 0 5 0 0 0 0 1 159 0 0 0 0 5 0 1 1 1 0 1 0 0 1 16 2 0 0 2 6 3 1 0 0 0 0 2 
7 0 0 0 4 0 0 0 4 0 0 0 0 0 3 0 0 0 0 0 0 0 0 0 0 0 1 0 0 0 0 1 0 0 2 0 0 0 4 4 12 0 1 0 2 1 2 0 0 0 0 0 1 0 0 0 0 0 0 0 0 0 0 0 0 0 0 0 0 0 0 0 0 0 0 0 0 0 0 0 
0 3 0 0 0 3 0 0 1 0 0 0 0 0 0 11 0 0 0 0 0 0 0 0 0 0 0 0 0 0 0 0 0 0 0 0 0 0 0 0 0 0 0 0 0 0 0 0 0 0 0 0 0 0 28 3 0 0 1 0 0 0 0 0 0 0 1 0 2 0 0 0 0 1 0 0 0 0 0 1 
0 0 0 0 0 0 0 0 0 0 1 0 0 0 0 0 0 0 0 0 0 0 0 0 0 0 0 0 0 299 128 112 116 115 113 50 74 210 10 17 82 89 66 197 153 7 95 235 330 58 37 108 0 9 3 40 2 115 238 48 2 6 24 4 134 0 15 2 36 841 0 20 0 438 189 482 41 30 61 3 
74 9 0 3 0 0 0 13 0 0 0 0 0 0 1 0 0 21 0 0 3 0 0 3 0 0 0 0 0 0 8 0 0 0 1 0 0 3 0 0 0 2 0 0 13 0 0 0 0 0 2 0 0 0 1 0 501 9 0 1 2 66 3 0 1 24 0 0 15 0 11 51 0 0 24 30 1 3 0 2 
0 1 0 1238 234 14 255 241 40 21 83 9 13 1 1 15 67 147 11 23 0 226 420 204 0 56 16 44 52 1 178 3 1 11 0 2 2 1 0 6 0 0 0 0 0 9 0 0 13 1 4 1 0 1 0 0 0 0 75 0 0 0 5 0 0 0 5 0 0 0 0 0 5 0 0 6 0 0 3 0 
0 0 0 0 0 2 0 0 0 4 0 0 0 2 0 0 0 0 0 6 0 0 0 0 1 0 0 0 0 0 0 12 262 36 208 30 170 98 111 1 0 1 111 3 46 434 34 45 5 1 1296 384 1 72 2 3 0 84 0 0 0 0 0 0 0 0 0 0 0 0 0 0 0 0 0 0 0 0 0 0 
0 0 0 0 0 42 1 0 0 1 15 1 0 3 10 0 0 1 1 11 1 0 0 0 17 0 1 0 0 0 1 0 1072 114 7 6 5 357 9 3 4 318 0 5 0 3 4 208 3 0 4 79 8 18 1 2 0 444 0 11 25 0 0 0 15 0 0 0 16 0 0 0 0 0 150 0 0 3 3 0 
1 0 0 0 1 0 4 1 0 0 1 8 0 0 0 1 0 0 0 0 0 0 0 0 0 1 2 1 0 0 0 0 0 11 57 10 97 12 4 5 237 0 11 0 2 50 13 327 114 39 29 95 112 41 116 21 243 0 56 0 16 8 0 0 0 12 2 0 32 6 0 0 0 0 0 3 0 0 0 1 
0 0 0 0 0 0 0 0 0 0 0 0 0 0 0 0 0 0 0 0 0 0 0 0 0 0 0 0 0 0 0 0 0 0 0 0 0 0 0 69 0 0 0 4 0 1 0 1 0 24 0 0 0 0 0 1 0 0 0 6 0 299 1 1 3 0 37 0 0 3 3 0 3 0 0 0 203 0 0 0 
1 5 1 0 0 0 0 1 123 7 0 0 1 29 0 0 22 67 0 0 2 1 0 38 0 0 5 9 1 13 0 1 0 35 2 3 3 6 13 34 112 13 9 0 2 0 2 0 74 30 3 1 0 45 41 73 0 0 0 1 0 0 0 26 0 0 1 56 0 0 0 5 0 0 0 0 0 0 0 0 
0 0 0 0 0 0 0 0 0 0 157 0 0 0 1 0 0 2 0 0 0 0 0 0 3 0 0 0 0 0 2 0 0 0 3 0 0 0 0 0 0 0 0 0 0 0 0 0 0 0 0 0 0 0 0 0 0 0 0 0 0 0 0 2159 1 1 1 1 2 1 3 7 14 0 0 2 6 6 1 1 
0 1 8 5 1 0 2 0 0 1 0 0 0 0 0 0 0 0 0 0 0 0 0 0 0 0 0 0 0 0 0 1 0 0 0 0 0 0 279 88 50 28 43 59 31 59 137 4 15 15 42 28 159 39 3 21 82 364 16 8 71 0 4 2 35 5 4 52 123 1 2 63 7 140 33 155 123 2 856 1 
16 0 329 105 242 10 4 2 4 137 13 21 25 0 0 0 157 0 0 1 28 0 0 20 0 0 20 0 0 37 5 2 12 0 0 0 0 0 0 2 0 4 0 0 0 0 2 0 0 2 3 1 0 1 0 0 0 0 0 1 0 0 0 0 0 0 0 0 0 0 0 0 0 0 1 0 0 0 0 0 
1 0 0 0 0 0 1 0 0 0 0 0 1072 237 2 1 142 36 0 0 4 8 1 1 32 52 551 6 0 0 1457 450 136 0 0 44 7 8 1 0 0 0 0 0 0 0 0 0 2 0 0 2 0 0 5 0 0 0 0 0 0 0 0 0 0 0 0 0 0 0 0 0 0 0 0 0 0 0 0 0 
0 0 0 0 0 0 0 1 0 0 0 0 0 0 1 0 0 0 2 0 0 0 0 0 0 0 0 0 0 0 0 0 0 0 0 0 0 0 0 0 1 19 3 39 57 11 0 94 0 0 0 2 198 3 353 2 1 4 15 177 177 1 0 0 11 0 3 0 1 0 0 0 0 0 0 0 0 0 0 0 
0 0 0 0 0 0 0 0 2 0 0 0 0 0 0 0 0 0 0 1 0 0 0 0 0 0 0 0 0 1 0 0 0 0 0 0 0 0 0 0 0 0 2 0 0 0 5 0 0 0 2 0 0 5 0 0 4 0 0 0 0 0 0 0 0 0 16 0 1 159 0 0 0 76 0 0 0 86 0 1 
2 0 0 228 0 0 0 1 1 18 0 0 0 6 0 13 7 0 0 0 5 0 0 0 7 0 0 2 0 0 0 0 0 0 3 0 0 0 0 0 0 0 8 0 12 9 74 0 1 1 1 5 0 2 42 7 480 14 3 0 460 351 55 89 66 3 0 1 0 42 70 1 0 0 70 1 0 15 20 0 
2 447 1 0 124 0 0 67 8 81 21 0 0 0 0 0 0 0 0 0 0 0 0 0 0 0 0 0 0 0 0 0 0 0 0 0 0 3 0 0 0 0 0 36 0 0 0 0 0 0 0 0 1 0 0 0 0 0 7 0 0 0 3 0 0 0 0 0 0 0 443 3 1 2 0 78 0 0 3 1 
0 0 0 0 0 3 0 0 0 1 16 0 0 0 0 8 0 3 0 0 0 0 0 0 0 4 4 0 0 0 0 0 1 0 0 0 1 0 0 0 0 0 0 0 0 0 0 96 5 7 5 2 0 1 0 0 32 0 30 0 0 0 10 84 12 0 0 0 1 0 0 0 0 0 0 0 0 0 0 0 
0 0 0 0 0 0 0 0 0 0 0 0 0 0 0 0 0 0 0 1 0 0 0 2 0 0 0 2 0 0 0 0 0 0 0 0 0 0 0 0 0 0 0 0 0 0 0 0 0 0 0 0 0 0 1 0 0 0 0 0 0 0 0 0 0 0 0 0 0 0 0 0 95 1 0 0 0 3 0 0 
0 0 0 0 0 0 0 0 0 0 3 14 5 0 0 0 0 0 0 0 0 0 0 0 0 0 0 0 0 0 0 0 0 0 0 0 0 0 0 0 0 0 0 0 0 0 0 1589 387 349 272 680 330 173 416 963 81 37 218 283 248 854 468 13 136 634 2187 168 118 441 1 41 13 47 1 37 36 31 8 3 
36 2 2 0 8 411 425 69 0 17 0 176 19 502 20 21 3 0 0 1 0 2 0 0 0 7 0 0 0 0 0 0 2 0 0 4 0 0 4 0 0 9 0 0 0 0 0 2 15 0 0 0 903 0 0 202 276 0 2 74 0 0 140 0 0 23 0 136 3 0 0 0 109 0 5134 98 5 1 0 537 
5 5 6 285 1 0 33 2 4 152 13 0 46 196 4 39 0 6 0 11 0 799 98 8 63 278 65 10 57 8 33 0 2 25 18 54 23 6 0 374 305 54 24 127 525 35 49 0 0 16 0 0 0 28 0 0 0 38 0 0 167 0 0 42 0 0 11 0 1 38 0 0 0 0 0 2439 26 6 7 8 
323 5 5 11 34 0 1 1397 5 2 15 10 0 78 193 56 412 0 3 0 5 0 0 18 0 0 0 21 0 0 0 6 0 0 0 0 0 8 0 0 0 0 0 1 0 0 0 0 0 8 109 5 78 3 31 64 25 0 0 0 0 5 22 272 36 6 6 0 254 240 9 57 0 4 0 50 0 6 0 0 
0 1 0 0 0 1 0 0 0 0 0 27 0 0 0 0 0 29 0 0 0 0 0 102 6 1 0 0 41 1 0 4 18 0 0 30 0 41 2 0 0 5 20 4 4 0 0 0 4 1 1 7 0 0 0 12 0 0 0 8 0 0 0 0 0 3 0 0 0 0 0 3 0 0 0 260 0 0 11 0 
0 0 34 0 0 0 11 0 0 0 0 0 3 0 0 0 0 0 2 0 0 0 0 0 36 12 0 0 0 134 0 0 0 49 0 0 1 0 0 55 0 0 0 24 0 18 0 0 0 20 0 263 17 18 26 0 11 4 9 2 14 0 1 15 76 69 12 7 0 284 9 888 328 60 265 6 2 0 0 7 
0 0 0 0 0 0 4 6 0 0 6 0 0 2 0 0 3 0 0 0 0 0 0 0 0 0 0 0 0 0 0 0 0 0 0 0 0 0 0 0 0 0 0 0 0 0 46 0 0 0 0 0 1 4 0 0 0 5 0 0 0 15 0 0 0 0 0 5 0 0 0 0 0 0 0 0 0 23 0 1123 
40 32 41 0 195 20 0 17 152 0 9 36 1 2 81 27 0 0 0 290 30 0 10 0 22 1 1242 195 2 0 2 444 0 2 128 432 0 1 179 7 0 342 1 0 251 236 0 138 0 3 0 39 10 4 16 0 4 0 42 8 0 0 22 0 0 4 113 146 1 1 0 21 10 24 0 0 0 0 0 0 
0 37 0 0 0 113 0 0 0 16 0 0 0 0 0 6 0 0 0 0 0 0 0 0 0 2 0 0 5 0 0 0 5 0 0 10 2 0 0 0 0 0 34 0 0 0 0 0 0 0 0 0 0 0 2 0 0 0 0 0 0 0 0 3 0 0 0 0 0 0 0 0 0 0 0 0 0 0 0 0 
0 454 4 3 1 4 1 0 0 1 4 1 0 0 24 0 7 0 0 1 3 19 0 0 9 0 0 0 4 6 0 0 0 1 0 0 0 3 0 0 0 0 0 1 0 0 0 0 0 0 0 0 0 0 0 0 447 382 262 263 158 194 138 221 215 28 33 179 234 88 162 186 9 114 353 752 54 39 172 0 
29 2 4 0 0 17 66 0 11 0 13 1 0 7 13 1 39 0 1 0 53 22 32 0 0 0 0 0 0 28 77 19 0 0 31 0 1 1 15 71 0 33 0 2 18 0 0 10 94 6 2 50 0 0 3 0 0 146 0 55 0 89 0 0 20 63 0 105 10 0 0 11 0 0 17 0 32 46 0 0 
0 0 0 227 76 5 2 7 83 6 12 2 40 0 0 15 2 2 31 2 0 6 42 0 70 0 2 0 34 0 33 5 1 4 13 0 1 0 3 6 0 1 0 4 4 0 2 0 1 163 20 7 1 0 1 0 0 4847 7 2 0 1 43 196 0 1 6 0 0 2 0 0 8 1 0 6 2 162 0 0 
2 0 0 0 39 6 1 2 0 37 0 12 1 149 0 0 1 2 23 6 1 0 110 4 0 39 0 1 0 59 0 6 6 0 0 0 11 0 0 0 19 0 0 1 1 94 5 0 0 0 0 0 2 0 0 0 0 0 8 0 1 22 25 0 0 0 0 0 0 1 37 0 173 0 0 1 11 42 3 0 
0 0 0 1 1 0 0 0 0 0 1 0 0 0 0 0 0 0 0 0 0 0 0 0 0 1 0 0 0 0 0 0 131 1 1 0 0 136 0 1 0 6 0 2 2 0 0 2 0 0 0 50 0 1 0 0 0 0 0 121 33 9 1 239 154 6 1 1 164 0 19 286 23 5 240 1 0 2 44 15 
85 7 0 0 12 0 669 84 44 2 1 629 3 0 0 138 1 0 2 284 7 22 238 0 0 22 1 2 0 2 0 4 0 2700 407 3 141 258 667 86 455 8 136 43 11 223 12 38 233 6 9 4 825 291 140 44 6 1 48 1 84 0 7 0 249 1 23 0 0 2 0 203 119 46 84 0 19 0 40 61 
92 0 6 0 0 0 10 80 25 0 3 0 152 5 2 29 29 0 1 78 9 0 45 75 0 10 23 62 67 0 3 0 6 0 0 0 0 0 0 0 0 0 0 0 0 0 0 0 0 0 0 0 0 0 0 33 0 0 0 0 0 2086 146 11 90 770 663 9 86 10 348 0 244 38 455 161 65 13 3 209 
203 459 3 0 30 0 131 1 29 32 0 4 0 332 1 0 8 98 0 2 3 2 2 11 23 0 0 152 499 6 0 1 0 3 0 725 37 6 18 0 278 1 3 593 100 0 0 5 2 9 28 2 0 1 19 80 3 0 4 0 4 0 134 4 88 26 16 0 4 381 0 29 1 0 299 0 939 0 21 0 
525 586 395 0 6 0 1 0 0 9 16 0 0 2 394 0 0 0 41 0 0 0 0 0 4 0 0 2 1 0 0 0 0 0 0 0 432 67 3 5 21 271 1 1 9 103 0 0 43 5 326 1 1 0 1 126 17 0 0 1 0 3 0 46 0 0 1 0 8 28 0 0 10 0 0 0 0 0 4 0 
0 0 0 0 0 1 0 0 0 0 44 13 0 10 3 22 0 0 1 6 0 0 1 6 3 3 0 0 10 18 0 0 0 0 0 0 0 0 3 0 0 0 21 0 0 0 1 0 0 0 0 0 0 0 0 0 0 0 0 0 0 0 5 0 0 68 21 15 6 9 30 8 8 41 1 5 6 4 2 42 
4 3 4 24 60 5 0 19 0 1 1 6 0 13 25 6 7 0 32 0 58 4 1 42 7 109 0 103 0 439 120 78 14 5 6 0 23 0 0 0 0 0 0 1 0 0 0 0 0 0 0 0 0 3 0 0 0 0 0 0 0 0 0 0 0 0 1 0 0 0 0 0 0 1 1 0 0 0 0 0 
3 0 0 0 0 0 0 0 0 0 0 0 0 0 0 0 0 0 0 0 0 0 0 0 0 0 0 0 0 0 0 0 0 0 0 0 0 0 0 68 300 1 166 122 245 2 0 1 1 1 0 151 2 169 72 4 0 647 12 31 0 0 4 0 0 2 6 2 0 0 0 1 0 0 0 1 0 0 1 0 
0 0 0 0 0 0 0 3 0 0 0 0 0 301 0 0 0 0 0 0 0 0 2 0 0 0 0 0 0 0 0 0 0 0 0 0 0 0 0 0 37 40 0 0 0 68 1 0 0 146 0 0 9 0 0 71 0 0 101 3 10 2 0 0 0 44 0 8 6 0 92 26 38 5 17 0 0 0 7 33 
1 80 25 3 4 49 15 118 2 0 0 0 0 0 0 2 0 0 0 0 0 0 0 0 0 0 0 0 0 0 0 0 0 0 0 0 0 0 0 0 0 1 0 0 0 0 2 0 0 0 5 0 0 0 0 0 0 0 0 0 0 0 0 0 0 0 0 0 1 392 0 0 0 461 0 0 0 113 0 0 
0 0 0 79 0 0 0 0 0 49 0 0 0 50 0 0 0 0 0 0 14 0 0 0 0 0 0 0 0 0 0 0 0 0 0 0 1 0 0 0 0 0 1 0 0 0 0 0 0 0 0 1 0 0 0 0 0 0 0 0 0 0 0 0 0 0 0 0 0 1 0 0 13 5 28 2 2 1 56 0 
81 117 1 254 27 72 0 213 280 31 62 5 20 0 0 0 61 46 0 0 0 223 0 0 0 37 0 0 48 0 0 94 0 0 43 3 0 1 0 0 0 4 0 0 0 0 0 0 0 0 0 0 0 0 0 0 0 0 0 0 0 0 0 0 0 0 0 0 0 0 2 68 0 0 0 576 0 0 0 207 
0 0 0 0 0 892 0 0 0 0 0 13 0 0 0 1 1 150 1 0 3 0 7 0 0 6 5 0 0 0 0 0 4 1 0 0 0 7 1 0 1 0 14 0 129 20 0 1 0 97 0 0 2 96 0 0 2 0 0 10 0 0 1 18 0 6 0 0 0 2 0 0 0 119 2 5 3 0 2 0 
0 0 1 96 7 27 0 10 0 96 15 77 0 0 1 0 1 11 0 0 0 0 0 0 0 0 0 0 0 0 0 0 0 0 0 0 0 0 0 0 0 0 0 0 0 0 4 0 0 0 0 0 0 0 0 0 0 0 0 0 1 0 0 0 0 0 0 0 0 0 0 0 0 0 0 0 0 0 0 0 
0 0 0 0 0 0 0 0 0 0 0 0 0 0 0 0 0 0 0 8 0 0 1 0 0 0 4 1 1 5 0 0 0 0 0 0 0 3 0 1 0 0 0 0 0 0 0 0 0 0 0 0 0 0 0 1 0 0 0 0 0 0 0 0 0 0 0 0 0 0 0 0 0 0 0 0 0 0 0 0 
0 0 0 0 0 0 0 0 0 0 0 0 0 0 0 0 0 0 0 0 0 0 0 0 0 0 0 0 0 0 0 0 0 0 0 0 0 0 0 0 0 0 0 0 0 0 0 0 0 0 0 0 0 0 0 0 0 0 0 0 0 0 0 0 0 0 0 0 0 0 0 0 0 0 0 0 0 0 0 0 
0 0 0 0 0 0 0 0 0 0 0 0 0 0 0 0 0 0 0 0 0 0 0 0 0 0 0 0 0 0 0 0 0 0 0 0 0 0 0 0 0 0 0 0 0 0 0 0 0 0 0 0 0 0 0 0 0 0 0 0 0 0 0 0 0 0 0 0 0 0 0 0 0 0 0 0 0 0 0 0 
0 0 0 0 0 0 0 0 0 0 0 0 0 0 0 0 0 0 0 0 0 0 0 0 0 0 0 0 0 0 0 0 0 0 0 0 0 0 0 0 0 0 0 0 0 0 0 0 0 0 0 0 0 0 0 0 0 0 0 0 0 0 0 0 0 0 0 0 0 0 0 0 0 0 0 0 0 0 0 0 
0 0 0 0 0 0 0 0 0 0 0 0 0 0 0 0 0 0 0 0 0 0 0 0 0 0 0 0 0 0 0 0 0 0 0 0 0 0 0 0 0 0 0 0 0 0 0 0 0 0 0 0 0 0 0 0 0 0 0 0 0 0 0 0 0 0 0 0 0 0 0 0 0 0 0 0 0 0 0 0 
0 0 0 0 0 0 0 0 0 0 0 0 0 0 0 0 0 0 0 0 0 0 0 0 0 0 0 0 0 0 0 0 0 0 0 0 0 0 0 0 0 0 0 0 0 0 0 0 0 0 0 0 0 0 0 0 0 0 0 0 0 0 0 0 0 0 0 0 0 0 0 0 0 0 0 0 0 0 0 0 
0 0 0 0 0 0 0 0 0 0 0 0 0 0 0 0 0 0 0 0 0 0 0 0 0 0 0 0 0 0 0 0 0 0 0 0 0 0 0 0 0 0 0 0 0 0 0 0 0 0 0 0 0 0 0 0 0 0 0 0 0 0 0 0 0 0 0 0 0 0 0 0 0 0 0 0 0 0 0 0 
0 0 0 0 0 0 0 0 0 0 0 0 0 0 1 0 0 0 0 0 0 0 0 0 0 0 0 0 0 0 0 0 0 0 0 0 0 0 0 0 0 0 0 0 0 0 0 0 0 0 0 0 0 0 0 0 0 0 0 0 0 0 0 0 0 0 0 0 0 0 0 0 0 0 0 0 0 0 0 0 
0 130 0 0 0 148 0 0 1 249 0 0 0 1 0 30 0 0 0 0 0 0 0 0 0 0 0 0 0 0 0 0 0 0 0 0 0 0 0 0 0 0 0 0 0 0 0 0 0 0 0 0 0 0 0 0 0 0 0 0 0 0 0 0 0 0 0 0 0 0 0 0 0 0 0 0 0 0 0 0 
0 0 0 0 0 0 0 0 0 0 0 0 0 0 0 0 0 0 0 0 0 0 0 0 0 0 0 0 0 0 0 0 0 0 0 0 0 0 0 0 0 0 0 0 0 0 0 0 0 0 0 0 0 0 0 0 0 0 0 0 0 0 0 0 0 0 0 0 0 0 0 0 0 0 0 0 0 0 0 0 
0 0 0 769 226 323 195 297 233 114 243 462 45 22 162 219 143 463 247 12 124 404 805 80 62 271 1 29 11 44 0 85 268 102 7 21 61 16 141 1 9 331 201 429 18 135 0 94 128 443 20 53 37 0 27 12 124 53 0 0 0 7 0 0 0 19 0 0 1 1 0 31 5 0 2 102 0 5 0 0 
0 8 0 0 14 0 0 0 142 0 0 110 13 0 2 3 0 0 24 0 0 0 1 0 41 0 0 0 7 0 681 36 1 5 0 127 1 0 1 101 0 0 16 1 27 13 2 0 1 405 1 3 0 3 0 2 0 2466 583 18 339 365 241 149 104 26 108 19 1 208 147 429 34 184 41 34 734 168 5 198 
44 0 13 1 4 3 0 0 0 67 0 0 0 7 0 0 2 0 0 15 1 0 1 0 0 13 0 0 0 0 0 15 47 0 0 0 202 0 0 14 32 0 0 4 0 0 39 0 0 5 1 0 37 0 0 0 13 0 1 92 0 0 0 19 0 0 0 2 0 0 1 0 0 18 0 0 0 1 0 1 
0 0 0 38 0 13 206 78 1384 92 223 24 208 0 0 1 31 66 60 407 247 44 0 0 333 536 9 132 5 1 0 28 0 1 0 0 0 0 0 0 0 0 0 0 0 0 0 1 0 0 0 0 0 0 0 0 0 0 0 268 13 4 0 0 47 1 0 3 11 0 0 2 2 0 1 0 0 8 31 1 
0 0 1 0 0 0 26 13 1 0 30 47 0 1 0 65 0 0 0 1 0 23 0 0 0 9 0 3 0 0 0 230 0 199 251 1 0 0 77 0 0 0 88 0 0 12 0 0 41 0 0 0 196 0 4 0 0 0 15 0 235 122 0 3 7 97 4 0 4 48 2 0 0 26 0 22 3 0 0 15 
52 3 1 1 0 0 0 32 79 110 87 89 7 71 37 9 12 1 22 52 560 378 95 184 4 41 103 107 307 94 185 5 10 2 4 8 0 0 0 18 0 0 8 5 0 0 6 0 0 19 0 0 12 4 0 0 0 0 0 0 0 0 0 0 0 0 0 0 0 0 0 0 0 0 0 0 0 0 0 0 
0 0 8 0 0 0 0 0 2 27 1 0 0 167 0 0 13 93 0 0 0 0 0 123 0 0 3 1 0 32 0 0 0 42 0 1025 49 0 3 3 198 2 0 39 81 0 2 1 0 1 104 9 3 0 2 285 7 0 2 0 5 0 352 155 1 0 0 166 6 1 218 214 0 0 33 32 7 18 0 0 
4 94 0 31 0 3 0 41 3 5 4 17 51 23 39 4 22 0 19 0 0 50 23 71 2 43 0 1 52 14 0 1 0 0 0 3 0 65 0 0 0 85 0 0 0 101 0 0 0 0 0 4 0 0 0 0 0 0 0 0 0 0 0 0 34 0 0 0 8 0 0 9 16 0 0 0 0 0 8 0 
0 2 0 0 2 0 0 0 0 0 0 0 0 0 0 0 0 0 0 0 0 0 0 0 0 0 0 0 0 0 0 0 0 0 0 0 0 1121 20 2 1 32 3 1 4 1 6 0 0 14 11 1 7 2 0 0 12 6 0 0 8 0 0 1 0 0 0 0 0 4 0 0 0 0 0 0 0 0 0 1 
0 0 0 0 0 0 1 0 0 1 0 0 2609 649 550 429 406 559 237 398 1458 55 31 263 384 588 1565 491 41 241 807 1821 264 153 626 3 49 6 12 2 13 22 11 0 6 118 0 87 0 9 91 182 66 0 43 0 40 29 58 26 67 31 31 273 0 0 5 0 0 0 7 0 0 0 2 0 0 0 0 0 
1 0 0 1 0 0 48 0 0 0 3 0 3 81 0 0 0 46 0 0 217 63 0 0 2 0 0 94 0 0 68 0 0 44 0 0 0 0 0 0 22 0 0 0 6 0 0 0 0 0 0 0 0 0 6 0 0 0 0 0 0 0 0 0 0 0 1321 46 10 112 367 252 10 3 9 9 0 0 284 36 
361 8 52 37 241 335 94 7 59 13 4 8 5 0 9 0 0 0 9 0 0 0 1 0 0 0 0 0 16 0 0 1 0 0 7 0 0 0 2 0 1 1 0 0 0 0 0 0 0 3 0 0 0 0 0 1 0 0 1 0 0 2 0 0 0 0 0 1255 138 3 2 1 236 5 0 1 158 0 1 3 
130 6 360 1 0 14 5 14 14 0 5 0 4 0 3 47 66 62 157 26 17 118 0 0 0 0 36 154 256 237 10 0 38 82 194 1 84 0 25 0 3 0 0 0 0 0 0 0 0 0 0 0 0 0 0 0 1 0 0 0 0 0 0 0 0 0 0 0 22 8 3 0 0 34 0 0 0 32 0 0 
0 0 1 1 0 0 1 3 0 11 0 1 0 11 0 0 167 0 0 0 56 0 0 0 48 0 0 0 0 0 22 1 0 0 0 0 11 0 0 0 86 0 118 83 0 0 0 15 0 0 0 50 0 0 0 0 0 15 0 0 0 130 0 2 0 0 0 1 0 17 12 0 0 0 28 0 5 0 3 0 
0 0 0 0 18 0 0 0 0 27 3 0 0 0 4 0 576 2 3 77 6 3 12 1 0 10 0 0 95 286 307 42 18 0 110 0 6 260 1 1 0 0 0 1 165 0 0 0 627 0 0 10 140 0 0 65 0 0 141 0 0 75 0 0 10 0 0 0 3 0 4 0 0 0 0 0 0 0 0 0 
0 0 0 0 0 0 0 0 0 0 0 68 0 0 0 0 0 0 2 1 0 0 14 0 0 0 0 0 0 0 0 0 2 0 0 0 0 0 1 0 0 0 1 0 574 100 2 3 2 233 7 0 2 321 0 1 6 11 5 83 4 0 3 2 5 59 0 3 0 4 0 1476 614 7 3 1 534 3 0 25 
636 0 2 24 15 7 365 2 0 362 171 1 118 1 4 0 34 0 2 56 170 405 6 32 45 22 0 8 0 0 44 40 23 0 100 0 243 43 2 1 1 0 0 0 0 0 1 0 0 0 3 0 0 0 4 0 0 0 0 0 1 0 0 0 0 0 0 0 0 0 0 0 0 28 0 0 0 69 0 0 
2 29 0 0 0 0 0 17 0 0 0 0 0 2 0 0 0 0 0 0 0 0 0 0 0 0 0 0 0 0 0 0 0 0 0 0 0 0 0 0 0 0 0 0 0 0 45 0 0 8 4 0 0 0 0 0 0 0 78 10 43 0 4 0 3 11 0 0 0 0 0 0 0 1 0 0 0 0 1 0 
0 0 1 0 1 0 0 0 0 0 0 0 0 0 0 0 0 0 0 0 0 1243 350 279 238 273 304 139 454 1399 24 27 211 271 222 971 264 23 164 561 1325 152 37 562 0 42 1 28 2 124 79 3 1 12 47 2 207 0 126 201 20 331 0 23 0 81 27 333 15 6 1 34 19 0 0 6 0 0 0 1 
0 0 0 3 0 0 0 0 0 15 0 0 0 0 0 6 0 0 0 0 0 27 10 0 0 0 0 0 0 161 0 0 0 2 0 0 5 0 0 0 0 0 0 0 0 0 1 0 1 2 0 0 0 0 0 0 0 0 0 0 0 0 0 2 0 0 3 0 1 0 0 0 0 1 0 933 117 5 21 916 
109 3 14 4 11 0 0 181 101 613 3 23 0 1571 390 4 7 22 8 19 0 0 0 0 0 0 0 1 0 0 0 2 0 0 0 0 0 14 0 0 3 0 0 7 0 0 0 0 0 2 1 0 0 0 0 0 0 0 0 0 0 0 0 0 2 0 0 2 0 0 1 0 0 0 0 0 1054 1314 1 0 
4 10369 7 0 1 697 0 0 22 1 4 586 1 0 133 38 1 177 0 19 0 27 0 13 68 6 631 3 137 67 34 0 0 0 0 223 237 583 1801 12 3 41 144 150 0 547 0 0 0 9 0 0 0 0 0 0 0 0 0 0 0 0 0 0 0 0 0 0 0 0 0 0 0 0 0 0 0 1 1 0 
0 0 0 0 0 0 4 0 0 1 0 0 0 0 0 0 0 0 0 0 0 0 0 0 2 25 0 0 0 215 0 0 0 7 0 0 0 0 0 0 0 0 0 0 0 0 0 0 0 253 0 1 32 0 0 0 42 0 0 0 4 0 0 0 0 0 16 0 0 0 0 0 0 0 0 0 0 0 7 8 
0 0 1 35 0 0 0 6 0 0 0 0 0 10 0 0 0 0 0 1 0 0 0 0 0 3249 1 8 39 62 2 24 37 0 19 0 1 38 86 271 117 22 0 375 3 12 26 0 112 0 0 0 0 2 0 0 0 0 0 0 0 8 0 0 1 0 0 1 0 0 0 0 0 0 0 0 0 0 0 0 
0 0 0 0 0 0 0 0 0 0 0 0 0 0 0 0 0 0 0 0 0 0 0 0 0 0 3 416 0 0 0 185 0 0 0 197 0 0 0 0 0 127 0 0 0 0 0 132 0 0 0 122 0 1271 1 11 10 0 64 1 0 8 7 0 2 0 2 0 5 1 0 0 2 7 0 0 1 0 1 0 
49 51 0 0 0 441 0 0 26 53 0 0 107 4 2 32 0 0 16 24 1 2 1 0 0 9 0 2 99 6 10 95 6 4 8 0 3 0 0 6 24 23 5 16 0 482 6 91 1 0 0 1 0 0 0 0 0 0 0 0 0 0 0 2 0 0 0 0 0 0 0 0 0 0 0 0 0 0 0 0 
0 0 22 0 0 0 145 0 0 1 13 0 0 0 0 0 150 0 0 0 0 0 1 0 0 0 0 0 0 0 0 0 0 0 0 0 0 0 0 0 0 0 0 0 0 0 0 0 0 0 0 0 0 0 0 558 0 2 3 0 4 12 0 2 1 0 0 22 25 1 3 42 0 8 7 7 0 0 0 0 
0 0 17 0 0 0 0 12 0 0 0 1 0 0 0 0 0 3 0 0 0 0 0 0 0 0 0 0 0 0 22 9 14 5 3 13 7 5 20 0 8 7 10 1 8 6 0 2 9 15 3 2 16 0 0 0 3 0 5 1 5 0 1 299 2 10 0 2 202 0 11 0 0 0 68 23 33 0 6 3 
0 1 0 14 5 12 4 0 15 0 0 1 7 51 2 165 4 1 2 0 0 1 92 56 3 1 3 0 2 0 0 39 0 63 0 77 0 0 467 12 0 72 0 0 0 0 0 0 1 0 94 13 0 1 0 1 0 15 4 2 0 12 74 0 33 1 58 0 0 4 0 0 3 0 0 0 3 0 0 0 
1 0 41 0 214 2 2 1 54 5 0 2 2 0 0 0 12 1 142 0 0 0 19 110 4 1 0 0 0 3 0 1 7 0 0 0 2 75 0 0 0 0 0 4 0 0 2 0 0 0 0 3 1 1 0 0 0 0 35 27 1 0 0 11 0 42 423 4 0 0 5 3 2 1 0 0 2 2 0 19 
0 2 0 0 0 2 1 0 0 0 0 0 0 0 0 0 0 3 0 2 0 0 0 4 0 0 0 0 0 0 0 0 3 25 2 38 17 4 0 0 0 0 0 0 20 0 37 0 5 0 68 76 111 0 14 0 0 0 1 0 0 0 0 0 0 0 0 0 0 0 0 0 0 0 1 0 0 0 0 0 
0 0 0 0 0 0 1 1 0 0 0 8 0 0 0 1 0 0 0 0 0 2 0 0 1 0 0 1 0 0 0 0 0 102 295 0 5 282 67 3 72 1 42 0 16 116 4 7 15 7 0 0 11 159 3 1 0 0 27 0 89 17 127 0 2 77 4 1 0 14 0 1 5 29 7 28 47 0 0 26 
1 9 0 0 0 0 0 151 29 4 393 595 48 13 89 4 252 0 80 14 16 13 4 14 1 5 128 319 2 0 4 0 3 0 1 0 0 0 1 0 0 0 0 3 0 0 0 0 3 0 0 0 2 2 21 16 0 0 0 2 0 142 6 0 0 0 38 1 0 25 22 0 1 12 0 1 197 73 0 4 
9 39 2 0 2 0 0 0 0 0 0 0 0 0 0 0 0 0 0 0 0 0 0 0 0 0 0 0 0 1 0 0 0 0 0 286 160 15 36 36 358 6 63 1 213 0 8 8 4 165 17 21 0 60 176 107 0 78 2 0 163 2 674 128 5 13 1 681 1 1 32 110 0 8 82 0 14 4 21 5 
0 71 230 47 1 0 0 1 0 1267 19 0 53 1 129 1 0 202 189 0 0 6 18 1 18 0 0 11 23 37 31 0 2 0 10 0 1 0 0 0 0 0 0 0 0 0 0 0 1 0 0 0 0 0 1 0 0 0 0 0 0 0 0 1 1 0 0 0 11 0 0 0 0 0 0 0 0 0 0 0 
0 5 0 0 0 0 0 0 0 0 0 3 0 0 0 0 0 0 0 0 0 0 0 0 0 0 0 0 0 0 0 0 0 0 0 0 0 5 0 0 0 0 2 0 0 0 14 0 0 7 0 0 0 0 0 0 0 0 0 0 0 0 0 0 7 1 0 0 0 0 0 0 0 0 0 0 1 0 0 0 
0 0 0 6 1 0 1 0 0 0 0 4 0 0 0 0 2 0 0 0 0 0 0 0 0 1 0 0 0 0 0 0 0 0 0 0 0 16 0 4 3 1 1 1 2 0 1 2 0 0 0 0 4 1 18 0 1 1 0 0 0 0 0 0 0 5 0 2 5 6 0 0 34 1 40 0 1 91 3 93 
0 2 0 150 33 92 8 0 1 0 0 0 0 0 0 0 0 0 0 0 0 0 0 0 1 0 0 0 0 0 0 0 0 0 0 0 0 0 0 0 0 0 0 0 0 0 0 0 0 0 0 0 0 0 0 0 0 0 0 0 0 0 0 0 0 0 3 0 0 0 0 0 0 0 0 0 0 0 0 0 
0 0 0 0 1 0 0 0 0 0 0 0 0 1265 24 3 2 138 3 0 3 6 0 0 0 154 52 555 4 0 0 1237 286 8 1 0 1 0 16 2 0 0 0 0 0 0 0 0 0 0 0 0 0 0 0 0 0 0 0 0 0 0 0 0 0 0 0 0 0 0 0 0 0 0 0 0 0 0 0 0 
0 0 0 0 0 0 0 0 0 0 0 0 0 0 0 1 0 0 0 0 0 0 0 1 0 0 0 0 0 0 0 0 0 0 0 0 0 0 0 0 0 16 21 0 44 79 75 0 20 0 25 0 0 70 0 115 74 0 0 33 85 29 0 94 0 0 0 5 0 0 0 0 0 0 0 0 0 0 0 0 
0 0 0 0 0 0 0 0 0 0 0 0 0 0 0 0 0 0 0 0 0 0 0 0 0 0 0 0 0 0 0 0 0 0 0 0 0 0 0 0 0 0 0 0 0 0 0 0 0 0 0 0 0 0 0 0 0 0 0 0 0 0 0 0 0 0 0 0 0 0 0 0 0 0 0 0 0 0 0 0 
0 0 0 0 0 0 0 0 0 0 0 0 0 0 0 0 0 0 0 0 0 0 0 0 0 0 0 0 0 0 0 0 0 0 0 0 0 0 0 0 0 0 0 2 0 0 95 0 0 0 6 0 42 1 2 128 1 7 3 0 0 65 2 25 10 0 47 1 1 0 0 0 0 0 0 0 0 0 0 0 
0 0 0 0 0 0 0 0 0 0 0 0 0 0 0 0 0 0 0 0 0 0 0 0 0 0 0 0 0 0 0 0 0 0 0 0 0 0 0 0 0 0 0 0 1 0 0 0 0 7 0 0 1 0 0 0 0 0 0 1 0 0 0 0 0 0 0 0 0 0 0 6 0 0 0 0 0 0 0 0 
0 0 2 0 0 0 2 0 0 0 0 0 0 0 0 0 0 0 0 0 0 0 0 0 0 0 0 0 0 0 0 0 0 0 0 0 0 0 0 0 0 0 0 0 0 0 0 0 0 1 1 0 0 0 0 0 0 71 0 0 0 0 0 0 1 0 0 0 0 0 0 0 0 0 0 0 0 2 0 0 
0 0 0 0 0 0 0 0 0 0 0 0 0 0 0 0 0 4 0 0 0 0 0 0 0 0 0 0 0 0 0 0 0 0 0 0 0 0 0 0 0 0 0 0 0 0 0 0 0 0 0 0 0 0 0 0 0 0 0 0 0 0 0 0 0 0 0 0 0 0 0 0 0 31 0 0 0 0 0 0 
0 0 0 0 0 0 0 0 0 0 0 0 2 0 0 0 0 0 0 0 0 0 0 0 0 0 0 0 0 0 0 0 0 0 0 0 0 0 0 0 0 0 0 0 0 0 0 0 147 32 38 20 51 30 8 27 78 13 2 11 45 28 65 36 5 22 53 99 14 20 65 0 140 2 5 1 4 3 2 0 
1 30 4 20 0 4 63 15 41 0 0 0 239 711 47 1 1 0 0 316 0 0 1 0 0 0 2 0 0 0 0 0 0 0 0 0 1 0 0 3 0 0 0 0 0 0 0 0 0 3 0 0 0 0 0 0 0 0 0 0 0 0 0 7 0 0 1 0 0 0 0 0 0 0 0 10 0 0 0 0 
6 0 0 0 1 0 0 0 0 1 2 0 0 1 0 0 0 1 0 0 2 0 216 45 79 0 126 168 0 9 1 19 0 0 183 1 63 1 10 0 325 70 7 0 50 0 0 1 0 0 0 0 0 0 0 0 0 0 3 0 0 1 0 0 0 0 0 0 0 2 10 0 0 0 0 0 1 1 0 0 
0 0 0 0 0 0 0 0 0 0 0 0 0 0 1 0 0 0 0 0 0 0 0 0 182 0 0 0 267 0 0 0 395 0 0 0 0 0 282 0 0 0 0 0 0 0 0 0 16 0 0 0 0 19 49 6 21 7 0 0 0 0 198 4 151 0 3 0 7 68 745 0 3 0 0 0 0 0 0 0 
0 0 0 0 0 0 0 0 0 0 0 0 0 0 0 0 0 0 0 0 0 0 0 0 3 0 0 0 0 1 0 0 0 0 0 0 0 0 0 0 0 0 0 0 0 0 0 0 0 0 0 3 1 0 0 0 36 0 0 0 3 0 0 0 0 0 0 0 0 1 1 0 0 0 0 0 6 0 0 5 
0 0 0 2 0 0 0 0 0 0 0 0 0 1 0 0 0 0 0 0 0 0 0 0 0 288 2 0 0 5 13 1 0 0 3 0 0 0 1 1 2 0 0 2 20 2 0 0 1 0 0 0 147 0 0 0 0 2 2 1 1 0 0 3 13 23 21 43 4 0 686 1 1 181 0 1 0 0 0 0 
2 0 0 0 0 0 0 1 0 0 0 1 0 0 2 0 0 0 0 0 0 0 0 0 0 0 0 0 0 0 0 0 0 0 0 0 0 0 0 0 0 0 0 0 0 0 0 0 0 0 0 0 0 0 4 0 0 0 8 0 0 0 142 0 0 0 0 1 27 0 0 0 0 3 3 0 0 0 3 0 
188 1 0 0 1 0 0 0 3 0 0 5 0 0 0 6 74 0 0 0 3 0 0 0 0 0 0 0 1 0 0 0 0 0 0 19 0 0 0 0 0 0 3 0 0 0 0 0 0 0 0 0 0 0 0 0 0 0 0 0 0 0 0 0 0 0 0 3 1 0 0 0 5 0 0 0 0 0 0 0 
1 0 0 0 0 0 0 0 0 0 0 0 0 0 0 0 0 0 0 0 0 0 0 0 0 0 0 0 0 0 0 0 0 1 0 0 0 0 0 0 0 0 0 1 0 0 1 0 0 0 0 0 0 0 0 0 0 0 0 0 0 0 0 0 0 0 0 0 0 0 0 0 0 0 0 0 0 0 0 0 
0 0 4 0 0 3 0 3 0 0 0 0 0 0 0 0 4 1 0 0 0 0 1 0 0 0 0 0 0 0 0 0 0 0 0 0 0 0 0 0 0 0 0 0 0 0 0 0 0 0 0 0 0 0 0 0 0 22 5 4 2 16 5 2 6 20 0 3 1 1 4 13 4 0 3 8 15 1 2 5 
0 1 0 0 0 0 20 0 0 0 4 0 0 0 0 0 236 5 0 0 0 0 5 1 0 0 0 0 0 0 0 0 0 0 0 0 0 0 0 0 0 0 0 0 0 0 0 0 0 0 0 0 0 0 0 0 0 0 1 0 0 0 41 0 0 17 4 0 0 7 0 0 0 0 0 2 0 0 9 0 
0 0 0 0 0 0 0 0 0 0 0 0 0 0 0 0 0 0 0 0 0 0 0 0 0 0 0 0 0 0 0 18 0 0 8 28 0 0 0 0 0 0 0 1 3 1 0 0 0 16 24 0 0 0 0 0 0 0 0 0 0 0 0 1 0 0 0 1 0 0 1 0 0 27 0 0 0 0 0 0 
0 0 0 0 0 0 0 0 0 0 0 0 0 0 0 0 0 0 0 0 0 0 0 0 0 0 0 0 0 0 0 0 0 11 0 0 0 0 0 0 0 25 0 0 0 0 0 0 0 0 0 0 0 0 0 0 0 0 0 6 3 1 28 0 1 0 3 0 5 0 0 15 8 4 13 0 0 0 28 5 
0 7 0 2 0 0 0 0 0 0 0 0 0 0 0 0 0 0 0 0 0 0 0 0 0 0 0 1 0 0 0 0 0 0 0 0 0 0 0 0 0 0 0 0 0 0 0 0 0 0 0 0 0 0 0 0 0 0 0 0 0 0 0 0 0 7 0 0 0 0 0 0 0 0 0 0 0 0 0 0 
0 0 1 0 0 0 0 0 0 0 0 0 0 0 0 0 0 0 0 0 0 0 0 0 0 0 0 0 0 0 0 0 0 0 1 0 0 0 0 0 0 0 0 0 0 0 0 0 0 0 0 0 0 0 0 0 0 0 0 0 0 0 0 0 0 0 0 1 0 0 0 0 0 4 0 32 0 0 0 1 
0 2 0 0 0 0 0 0 0 10 0 0 0 29 0 0 0 0 0 0 30 0 0 14 0 0 41 0 0 6 0 0 0 0 0 0 0 0 0 0 0 0 0 0 0 0 0 0 0 0 0 0 0 0 0 0 1 0 0 0 0 0 0 0 0 0 0 0 0 0 0 0 0 0 0 0 0 0 0 0 
0 0 0 0 0 0 0 0 0 0 0 0 0 0 0 0 0 0 0 0 0 0 0 0 0 0 0 0 0 0 0 0 0 0 0 0 17 0 5 0 2 52 0 0 2 10 0 0 0 0 0 1 0 0 49 2 0 6 0 0 0 1 0 0 1 1 0 0 0 0 0 0 0 0 0 0 0 1 0 0 
0 0 0 0 0 0 0 0 0 0 3 0 0 0 0 0 0 0 0 7 0 0 0 0 0 0 0 0 0 0 0 0 0 0 0 0 0 0 0 0 0 0 0 0 0 0 0 0 0 0 0 0 0 0 0 0 0 0 0 0 0 0 0 0 1 0 0 0 0 0 0 0 0 5 0 0 0 0 0 0 
0 0 0 0 0 0 1 0 1 0 0 4 0 0 0 0 0 0 0 0 0 0 0 0 0 0 0 0 0 0 0 0 0 0 0 0 0 0 0 0 0 0 0 0 0 0 0 0 0 0 0 0 0 0 0 0 0 0 0 0 0 0 0 0 0 0 1029 322 314 282 222 258 113 244 478 42 15 134 205 159 
603 219 16 130 423 851 107 46 309 0 31 3 4 0 0 0 2 0 0 2 1 0 0 0 20 1 38 0 1 0 13 1 2 0 0 1 0 0 0 0 1 0 0 0 5 0 0 0 2 0 0 1 0 0 5 0 0 1 0 0 3 0 0 0 0 0 0 7 0 0 0 22 0 0 11 0 0 2 17 0 
0 6 0 0 1 0 0 0 0 0 0 0 0 3 33 0 0 0 11 0 2 0 1 0 0 0 0 4 2 0 0 5 0 0 0 0 0 0 0 0 23 115 0 1 44 2 0 0 0 2 0 0 10 0 1 1 0 0 23 19 77 0 1 0 0 1 0 1 0 0 0 0 0 0 0 0 9 0 0 0 
0 0 7 0 0 0 0 0 0 0 0 0 0 0 0 0 0 0 0 3 0 0 0 0 0 0 3 4 2 5 0 0 1 0 0 0 0 0 0 0 0 0 1 0 0 0 2 0 0 0 0 0 1 0 0 0 8 0 0 0 0 0 2 0 0 0 0 0 1 0 0 0 26 20 0 0 0 0 0 0 
0 0 92 1 0 0 0 3 0 0 0 0 0 0 0 0 5 0 0 0 0 0 0 0 0 0 0 0 0 0 0 0 0 0 0 0 1 0 0 0 0 0 0 0 0 0 0 0 0 0 0 0 0 0 0 0 0 1 0 0 0 0 0 0 0 0 0 0 0 0 14 0 0 0 30 3 0 0 0 0 
1 52 0 0 10 0 0 0 0 0 0 23 0 0 2 0 11 20 0 0 0 44 0 0 0 14 0 0 0 0 4 39 6 0 0 3 0 0 0 0 0 0 0 6 1 0 5 2 5 0 3 0 2 0 0 0 0 0 18 0 0 0 2 23 3 0 0 1 1 0 3 0 0 0 1 0 0 0 0 1 
0 3 0 2 35 0 1 0 143 1 3 192 0 1 0 0 0 0 0 0 0 0 18 0 0 10 24 0 0 0 0 0 7 0 0 1 2 1 0 0 0 0 0 0 0 0 0 0 0 0 0 0 0 0 0 0 0 0 0 0 0 0 0 0 0 1 0 0 0 0 0 0 3 0 0 0 9 0 0 0 
13 0 0 0 0 0 7 0 0 0 0 0 1 0 0 0 1 0 427 0 0 1 0 16 0 0 2 10 0 0 0 1 0 5 1 0 0 3 29 1 1 4 0 1 0 1 1 0 0 0 4 0 0 34 4 0 0 0 0 0 3 0 0 0 0 0 0 0 3 0 1 0 0 0 0 0 0 0 1 0 
1 0 0 0 1 0 3 0 0 0 2 2 0 0 0 0 0 0 0 0 1 0 0 0 1 0 0 0 1 0 0 0 0 0 0 0 0 0 0 0 0 0 0 0 0 0 0 9 0 0 0 0 0 0 13 1 0 0 0 0 0 0 0 0 3 0 0 0 0 0 0 0 0 0 0 0 0 0 0 0 
0 0 0 0 0 0 0 0 0 0 0 0 0 0 0 0 0 0 0 0 0 0 0 0 0 0 0 0 1 0 0 0 0 0 0 0 0 0 0 0 0 0 0 0 0 0 0 0 1 0 0 0 1 0 0 0 0 0 0 0 0 0 0 0 0 0 0 0 0 0 0 0 0 0 0 7 5 0 0 0 
5 2 1 6 0 3 1 1 0 1 0 0 0 3 0 0 0 1 0 0 1 7 0 24 6 1 0 0 1 1 0 0 0 3 0 2 0 3 0 15 2 44 0 0 0 0 0 0 0 0 0 0 0 0 0 0 0 0 0 0 0 0 0 0 0 0 1 0 0 0 0 0 0 0 0 0 0 0 0 0 
0 0 0 0 0 0 0 0 0 0 0 0 0 0 0 0 0 0 0 0 0 0 0 1 0 0 0 0 0 0 0 0 0 0 0 0 0 0 0 0 0 0 0 0 0 0 0 0 0 78 2 3 2 55 9 2 0 2 3 0 1 8 2 23 0 1 0 9 9 8 1 2 1 0 0 0 0 0 0 0 
0 0 0 0 0 0 0 0 0 0 0 0 0 0 0 0 0 1 0 0 0 0 0 0 0 0 0 0 0 0 0 0 0 0 0 0 0 0 0 0 0 0 0 0 0 0 0 0 0 0 0 0 0 0 0 0 0 0 0 0 0 0 0 0 0 0 0 0 0 0 0 0 0 0 0 0 0 0 0 1 
2 0 7 0 1 1 0 0 1 5 5 47 1 1 0 0 2 0 0 0 0 0 0 0 0 0 0 0 0 0 0 0 0 0 0 0 0 0 0 0 0 0 0 0 0 0 0 0 0 0 0 0 0 0 0 0 0 0 0 0 1 0 0 0 0 0 0 0 0 0 0 0 0 0 0 0 1 0 0 0 
0 0 0 14 0 0 0 3 0 0 0 0 0 0 0 0 0 0 0 0 0 0 0 0 0 0 0 0 0 0 0 0 0 0 0 0 0 0 0 0 0 0 0 0 0 0 0 0 0 0 0 0 0 0 0 0 0 1 0 0 0 0 0 0 0 0 0 0 0 0 0 0 0 0 0 0 0 0 0 1 
0 0 0 0 0 0 0 2 0 0 0 0 0 5 0 0 0 4 1 1 2 1 1 0 1 0 0 0 0 0 0 0 0 0 0 0 0 0 0 0 0 0 0 0 0 0 0 0 0 0 0 0 0 0 0 0 0 0 0 0 0 0 0 0 0 0 0 0 0 0 0 0 0 0 0 0 0 0 0 0 
0 1 0 0 0 0 0 0 0 1 0 0 0 0 0 0 0 0 0 0 0 0 0 0 0 0 0 0 3 0 0 0 0 0 0 0 0 0 0 0 0 0 2 0 0 0 0 0 0 0 0 0 0 0 0 0 0 0 0 1 0 0 0 0 0 0 0 0 0 0 0 0 0 0 0 0 0 0 0 0 
0 0 0 1 3 0 0 0 3 0 0 0 2 1 2 0 0 0 0 2 0 0 1 0 0 0 0 0 0 1 1 0 0 0 0 0 0 0 0 0 0 0 0 0 0 0 0 0 0 0 0 0 0 0 0 0 1 0 0 0 2 0 0 0 2 0 0 0 0 0 0 0 0 0 0 0 0 0 0 0 
0 0 0 0 0 0 0 0 0 0 0 0 0 0 0 0 0 0 0 0 0 0 0 0 0 0 0 0 0 6 0 0 0 0 0 0 0 0 0 0 1 0 0 1 0 0 1 0 0 0 0 0 1 0 0 0 1 3 0 0 0 1 0 0 0 2 0 0 17 0 0 0 0 0 0 3 0 0 0 1 
0 0 0 0 0 0 0 0 0 0 0 0 0 0 0 0 0 0 0 0 0 0 0 0 0 0 0 0 0 0 0 0 0 0 0 0 0 0 0 0 0 0 0 0 0 0 0 0 0 0 0 0 0 0 0 0 0 0 0 0 0 0 0 0 0 0 0 0 0 0 0 0 0 0 0 0 0 0 0 0 
0 0 0 0 0 0 0 0 0 0 0 0 0 0 0 0 0 0 0 0 0 0 0 0 0 0 0 0 0 0 0 0 0 0 0 0 0 0 0 0 0 0 0 0 0 0 0 0 0 0 0 0 0 0 0 0 0 0 0 0 0 0 0 0 0 0 0 0 0 0 0 0 0 0 0 0 0 0 0 0 
0 0 0 0 0 0 0 0 0 0 0 0 0 0 0 0 0 0 0 0 0 0 0 0 0 0 0 0 0 0 0 0 0 0 0 0 0 0 0 0 0 0 0 0 0 0 0 0 0 0 0 0 0 0 0 0 0 0 0 0 0 0 0 0 0 0 0 0 0 0 0 0 0 0 0 0 0 0 0 0 
0 0 0 0 0 0 0 0 0 0 0 0 0 0 0 0 0 0 0 0 0 0 0 0 0 0 0 0 0 0 0 0 0 0 0 0 0 0 0 0 0 0 0 0 0 0 0 0 0 0 0 0 0 0 0 0 0 0 0 0 0 0 0 0 0 0 0 0 0 0 0 0 0 0 0 0 0 0 0 0 
0 0 0 0 0 0 0 0 0 0 0 0 0 0 0 0 0 0 0 0 0 0 0 0 0 0 0 0 0 0 0 0 0 0 0 0 0 0 0 0 0 0 0 0 0 0 0 0 0 0 0 0 0 0 0 0 0 0 0 0 0 0 0 0 0 0 0 0 0 0 0 0 0 0 0 0 0 0 0 0 
0 0 0 0 0 0 0 0 0 0 0 0 0 0 0 0 0 0 0 0 0 0 0 0 0 0 0 0 0 0 0 0 0 0 0 0 0 0 0 0 0 0 0 0 0 0 0 0 0 0 0 0 0 0 0 0 0 0 0 0 0 0 0 0 0 0 0 0 0 0 0 0 0 0 0 0 0 0 0 0 
0 0 0 0 0 0 0 0 0 0 0 0 0 0 0 0 0 0 0 0 0 0 0 0 0 0 0 0 0 0 0 0 0 0 0 0 0 0 0 0 0 0 0 0 0 0 0 0 0 0 0 0 0 0 0 0 0 0 0 0 0 0 0 0 0 0 0 0 0 0 0 0 0 0 0 0 0 0 0 0 
0 0 0 0 0 0 0 0 0 0 0 0 0 0 0 0 0 0 0 0 0 0 0 0 0 0 0 0 0 0 0 0 0 0 0 0 0 0 0 0 0 0 0 0 0 0 0 0 0 0 0 0 0 0 0 0 0 0 0 0 0 0 0 0 0 0 0 0 0 0 0 0 0 0 0 0 0 0 0 0 
0 0 0 0 0 0 0 0 0 0 0 0 0 0 0 0 0 0 0 0 0 0 0 0 0 0 0 0 0 0 0 0 0 0 0 0 0 0 0 0 0 0 0 0 0 0 0 0 0 0 0 0 0 0 0 0 0 0 0 0 0 0 0 0 0 0 0 0 0 0 0 0 0 0 0 0 0 0 0 0 
